# labels_initial
"A", "L", "\chi", "\beta", "C_1", "C_2", "v_1", "v_2", "\dot v_1", "\dot v_2", "\dot h_1", "\dot h_2", "\dot \psi_1", "\dot \psi_2", "hmd", "vmd" 
# G_initial
0 0 0 0 1 1 0 0 0 0 0 0 0 0 0 0 
1 0 0 0 1 1 1 1 1 1 1 1 0 0 1 1 
0 0 0 0 0 0 0 0 0 0 0 0 0 0 0 0 
0 0 1 0 0 0 0 0 0 0 0 0 0 0 0 0 
0 0 0 0 0 1 1 0 0 0 0 0 0 0 0 0 
0 0 0 0 0 0 0 1 0 0 0 0 0 0 0 0 
0 0 0 1 0 0 0 0 1 0 0 0 1 0 1 0 
0 0 0 1 0 0 1 0 0 1 0 0 0 1 1 0 
0 0 0 0 0 0 0 0 0 0 0 0 1 0 0 0 
0 0 0 0 0 0 0 0 0 0 0 0 0 1 0 0 
0 0 0 0 0 0 1 0 1 0 0 0 0 0 0 1 
0 0 0 0 0 0 0 1 0 1 0 0 0 0 0 1 
0 0 0 0 0 0 0 0 0 0 0 0 0 1 0 0 
0 0 0 0 0 0 0 0 0 0 0 0 0 0 0 0 
0 0 1 0 0 0 0 0 0 0 0 0 0 0 0 0 
0 0 0 0 0 0 0 0 0 0 0 0 0 0 1 0 
# r_initial
4 5 2 12 2 2 6 6 5 5 9 9 9 9 4 10 
# N_initial
22501 14711 19591 137976 16460 4801 17 143022 899 12 0 26495 0 0 0 2608 0 0 0 3984 194779 164300 27406 2608 3984 297 302 435 438 749 773 1081 1024 1237 1189 2250 2336 2241 2370 1182 1184 1009 989 704 779 438 427 291 294 1940 2002 2772 2827 4508 4610 5787 5965 7692 7848 16265 14072 16072 13642 7697 7704 5766 5903 4603 4409 2872 2775 1927 1926 1532 1170 2354 1657 3948 2974 6272 4240 10687 4594 23617 3717 23903 3516 10533 4369 6373 4170 4055 2917 2393 1604 1609 1165 480 376 795 410 2207 812 5038 1147 9870 881 19531 351 19602 297 9964 917 5139 1259 2231 782 846 351 453 366 328 409 969 1462 2218 4042 4029 2104 1495 973 472 291 929 1523 2721 4447 6302 11545 11424 6138 4331 2889 1554 1015 503 615 800 1175 1529 2082 2190 1580 1147 839 540 510 57 64 106 124 180 220 200 178 132 82 68 39 8 8 14 13 9 15 23 14 13 8 6 2 1 1 0 0 2 1 5 1 3 1 0 1 694 1110 2321 3458 5134 9867 9585 4967 3466 2258 1135 740 1650 3893 7335 10960 16419 35450 35145 16186 10834 7195 3833 1630 1118 1504 2395 3476 4982 7681 8012 5018 3543 2420 1544 1099 258 313 404 575 744 1225 1241 875 599 447 295 228 34 33 41 49 72 130 128 86 55 46 23 31 4 0 4 4 9 8 2 4 3 2 1 1 236 287 413 555 752 963 968 791 603 407 281 261 682 968 1619 2257 2845 4520 4241 2824 2166 1568 945 652 136 220 443 700 956 1240 1188 864 706 422 354 157 101 94 167 265 393 546 566 389 274 142 107 120 33 19 33 36 54 102 104 60 43 41 23 30 2 3 1 4 5 9 5 8 5 5 0 1 21 24 42 62 106 90 96 83 76 40 33 13 111 220 278 381 431 572 544 496 421 278 180 121 88 77 153 170 253 336 347 240 183 113 75 81 195 73 84 76 137 149 171 112 95 86 49 197 112 42 31 44 66 152 184 90 60 42 26 89 11 7 8 13 36 97 102 21 17 2 4 8 2 4 8 4 11 6 14 6 9 6 8 2 13 24 27 34 40 70 68 51 41 23 11 21 17 16 41 28 41 59 69 53 55 26 24 17 118 36 40 53 76 200 203 74 60 28 26 124 352 52 47 75 119 447 508 133 86 52 50 311 61 16 14 9 18 74 63 23 23 15 14 54 0 3 0 1 1 3 2 1 1 0 0 4 1 6 1 1 4 4 2 7 8 2 3 2 1 0 3 1 1 10 14 3 1 0 2 2 11 7 6 16 25 145 122 36 33 6 1 15 96 10 10 24 25 76 73 33 16 14 12 71 115 7 2 2 3 3 5 1 5 2 7 91 882 21619 835 13876 5301 14290 38331 99645 509 15951 125 4676 0 17 28987 114035 7 892 0 12 0 0 2926 23569 0 0 0 0 0 0 43 2565 0 0 0 0 0 0 13 3971 0 882 0 835 0 5301 0 38331 0 509 0 125 0 0 0 28987 0 7 0 0 0 0 0 2926 0 0 0 0 0 0 0 43 0 0 0 0 0 0 0 13 5677 15942 2028 11848 7679 6611 63020 36625 1845 14106 164 4512 3 14 45814 68221 14 878 2 10 0 0 4601 18968 0 0 0 0 0 0 107 2458 0 0 0 0 0 0 14 3957 1 1 1 0 0 0 1 2 1 0 0 0 0 0 0 0 0 0 0 0 0 0 0 0 0 0 0 0 0 0 2 35 14 3 1 0 0 30 22 15 3 0 0 2 4 2 2 0 0 0 0 0 0 0 0 0 0 0 0 0 0 3 0 0 0 0 0 3 2 1 0 0 0 0 0 1 0 0 0 1 0 0 0 0 0 0 0 0 0 0 1 40 17 12 5 1 2 75 34 49 10 0 0 4 9 56 34 1 0 0 0 1 2 0 0 0 0 0 0 0 1 1 0 0 0 0 1 0 2 0 0 0 0 1 1 1 0 0 0 0 0 0 0 0 0 0 0 0 0 0 0 2 7 12 4 0 1 11 10 9 1 0 0 4 4 33 15 0 0 0 0 4 13 0 0 0 0 1 2 1 0 0 0 0 0 0 0 1 1 0 0 0 0 0 0 1 0 0 0 0 0 0 0 0 0 0 0 0 0 0 0 2 2 2 0 0 0 0 1 4 0 0 0 1 3 14 9 0 0 0 0 2 16 3 0 0 0 8 5 10 0 0 0 0 0 0 0 0 0 0 0 0 0 0 0 0 0 0 0 0 0 0 0 0 0 0 0 0 0 0 0 0 0 0 1 0 0 0 0 0 0 1 0 0 1 0 4 1 0 0 0 5 20 5 0 0 0 4 23 3 0 0 0 0 0 0 0 0 0 0 0 0 0 0 0 0 0 0 0 0 0 0 0 0 0 0 0 0 0 0 0 0 0 0 0 0 0 0 0 0 0 0 0 0 0 0 0 1 0 0 0 0 2 2 0 0 0 2 2 3 0 5 1 0 0 0 0 3 0 3 0 0 0 0 0 0 0 0 0 0 0 0 0 0 0 0 0 0 0 0 0 41 61 4 2 0 2 35 112 27 0 1 0 1 4 21 7 0 0 0 0 0 2 0 0 0 0 0 0 0 3 3 2 0 0 0 0 7 6 3 0 0 0 0 0 1 0 0 0 0 0 0 0 0 0 0 0 0 0 0 2 57 147 26 1 2 3 73 314 103 6 1 0 7 32 217 71 2 0 0 0 2 1 0 0 0 0 0 1 0 1 0 0 0 0 0 1 3 2 0 0 0 0 1 3 0 0 0 0 0 0 0 0 0 0 0 0 0 0 0 0 2 7 7 2 0 0 10 42 18 3 0 0 0 16 94 52 1 0 0 0 8 22 1 0 0 0 0 4 2 0 0 0 0 0 0 0 1 0 0 0 0 0 0 2 2 0 0 1 0 0 0 0 0 0 0 0 0 0 0 0 1 1 3 0 0 0 1 2 7 0 0 0 0 5 33 20 3 0 0 1 11 19 3 0 0 0 10 22 13 0 0 0 0 0 0 0 0 0 0 0 0 0 0 1 0 0 0 0 0 0 0 0 0 0 0 0 0 0 0 0 0 0 1 0 0 0 0 0 0 0 0 0 0 0 5 6 0 0 0 0 7 21 2 0 0 2 15 30 14 0 0 0 0 0 0 0 0 0 0 0 0 0 0 0 0 0 0 0 0 0 0 0 0 0 0 0 0 0 0 0 0 0 0 0 0 0 0 0 0 0 0 0 0 0 1 1 0 0 0 0 1 1 2 0 0 0 2 5 4 10 36 11 0 0 0 3 23 8 0 0 0 0 0 0 0 0 0 0 0 0 0 0 0 0 0 0 0 0 0 23 566 810 49 4 0 4 179 1142 174 3 0 0 5 49 63 7 0 0 0 0 2 0 0 0 0 0 0 0 0 27 88 25 0 0 0 28 90 68 3 0 0 0 3 11 4 0 0 0 0 0 0 0 0 0 0 0 0 0 0 23 1018 1605 91 8 0 11 519 3834 639 15 0 1 17 427 734 102 1 0 1 0 7 7 1 0 0 0 0 0 1 5 12 2 1 0 0 8 27 21 1 0 0 2 1 10 3 0 0 0 0 0 0 0 0 0 0 0 0 0 0 0 69 98 42 3 0 3 81 471 99 3 0 1 13 239 378 46 2 0 0 8 32 29 5 0 0 0 1 2 3 0 1 1 1 0 0 0 3 3 1 0 0 0 3 8 6 1 1 0 0 0 0 0 0 0 0 0 0 0 0 0 6 3 12 2 0 2 4 30 13 1 0 0 10 78 93 30 3 0 0 2 25 29 7 0 0 0 9 41 21 0 0 0 0 0 0 0 0 0 0 0 0 0 0 0 0 0 0 0 0 0 0 0 0 0 0 0 0 0 0 0 1 1 0 0 0 0 2 2 1 1 0 0 1 9 24 15 0 0 0 1 17 25 14 0 0 0 21 75 19 0 0 0 0 0 0 0 0 0 0 0 0 0 0 0 0 0 0 0 0 0 0 0 0 0 0 0 0 0 0 0 0 0 0 0 0 0 0 0 0 1 0 0 0 0 3 1 0 0 0 0 2 8 5 0 0 1 10 9 9 149 414 23 0 0 0 37 182 23 1 1 0 0 6 1 1 0 0 0 0 0 0 0 0 0 0 0 0 0 0 369 2978 1308 55 1 0 84 1187 1338 117 4 0 4 10 42 36 4 0 0 0 0 0 0 0 0 0 0 0 0 0 392 1005 62 1 0 0 187 811 134 1 0 0 3 34 15 2 0 0 0 0 0 0 0 0 0 0 0 0 0 0 552 5274 2839 128 9 2 145 3240 4409 492 9 0 4 101 494 525 56 0 0 0 4 5 4 2 0 0 0 0 0 0 40 111 3 1 0 0 60 243 38 1 0 0 7 22 16 3 0 0 0 0 0 0 0 0 0 0 0 0 0 0 18 228 149 105 7 0 20 436 502 62 3 0 3 35 265 259 32 1 0 0 6 14 10 1 0 0 0 1 1 0 3 8 0 0 0 0 7 24 4 0 0 0 2 18 19 1 0 0 0 0 0 0 0 0 0 0 0 0 0 0 3 18 9 25 1 0 2 37 46 12 2 0 5 20 59 61 22 3 0 0 4 12 21 4 0 0 0 9 31 10 0 0 0 0 0 0 1 3 0 0 0 0 1 3 3 0 0 0 0 0 0 0 0 0 0 0 0 0 0 0 1 5 2 3 1 0 1 3 1 4 1 0 0 5 11 10 10 2 0 0 0 10 33 5 0 0 0 17 43 13 0 0 0 0 0 0 0 0 0 0 0 0 0 0 0 0 0 0 0 0 0 0 0 0 0 0 0 0 0 0 0 0 0 0 0 0 0 1 0 0 0 1 0 1 2 1 0 1 0 0 0 3 6 8 0 0 0 4 9 3 3098 5812 81 8 3 1 805 1933 55 3 0 0 4 30 5 0 0 0 0 0 0 0 0 0 0 0 0 0 0 0 9171 24603 3223 200 12 2 2188 11648 3853 298 23 3 61 257 171 109 9 4 7 2 1 1 1 0 1 0 0 2 3 1 8423 15678 333 9 7 2 4168 10288 327 6 2 1 54 482 64 10 1 1 0 0 0 0 0 0 0 0 0 0 0 0 15937 50295 7756 495 41 2 6980 44221 14333 1284 54 7 197 3383 1908 1406 143 5 0 4 12 18 9 0 1 1 0 2 4 2 1000 1849 48 14 0 0 1198 3572 161 6 0 0 72 523 128 24 5 1 0 0 0 0 0 0 0 0 0 0 0 0 766 2980 448 186 6 1 2214 11091 1896 218 11 1 115 1541 1912 1028 152 11 0 9 78 72 61 8 0 0 4 10 9 8 39 99 3 1 0 0 139 416 23 2 0 0 56 491 186 27 8 0 6 7 0 0 0 0 0 1 0 0 0 0 57 125 73 38 3 0 178 1042 183 61 20 3 81 1235 1036 359 107 10 3 12 95 190 138 16 1 0 9 147 284 191 4 11 0 1 0 0 6 32 2 0 0 0 4 74 47 5 6 1 8 14 0 0 0 0 6 2 0 0 0 0 11 24 2 8 2 0 7 36 14 14 16 2 13 148 219 107 72 17 2 9 74 175 320 53 3 2 14 458 1254 162 2 6 0 0 0 0 1 3 0 0 0 0 0 4 1 2 1 0 1 0 0 0 0 0 0 3 0 0 0 0 7 7 1 0 1 1 3 7 0 4 5 0 1 5 6 12 23 10 0 3 9 42 113 95 0 0 12 307 226 44 579 611 7 2 0 1 190 288 7 0 0 0 0 0 0 0 0 0 0 0 0 0 0 0 0 0 0 0 0 0 1362 1901 234 18 6 0 488 1068 204 23 2 0 26 41 9 18 1 0 0 0 0 1 1 0 0 0 0 1 0 0 2070 1975 42 0 2 2 913 1378 45 1 1 1 3 53 2 0 0 0 0 0 0 0 0 0 0 0 0 0 0 0 2778 4315 493 57 12 0 1390 3323 605 57 7 1 65 242 91 112 14 0 0 0 0 6 0 0 0 0 0 0 0 0 273 335 9 1 0 0 292 560 13 0 0 0 10 53 11 1 0 0 0 0 0 0 0 0 0 0 0 0 0 0 121 230 34 10 0 0 190 594 80 13 1 0 20 121 65 68 16 0 0 2 8 9 2 0 0 0 1 0 1 0 12 14 0 0 0 0 21 50 3 0 0 0 3 55 7 1 0 0 0 0 0 0 0 0 0 0 0 0 0 0 6 6 7 2 2 0 12 49 13 8 5 0 10 107 34 34 12 0 0 0 1 8 13 2 0 0 1 3 16 15 2 1 0 0 0 0 1 2 0 0 0 0 1 7 3 0 0 0 0 0 0 0 0 0 0 0 0 0 0 0 1 2 1 1 1 0 0 3 2 9 3 1 4 9 12 9 13 4 0 1 1 10 25 21 0 0 1 18 64 9 0 0 0 0 0 0 0 0 0 0 0 0 0 0 0 0 0 0 0 0 0 0 0 0 0 0 0 0 0 0 0 1 1 0 0 0 1 0 0 0 1 0 0 0 2 0 3 1 0 0 0 2 1 12 0 0 0 10 9 8 14 48 2 3 1 0 4 40 4 0 0 1 0 1 1 0 0 0 0 0 0 0 0 0 0 0 0 0 0 0 59 425 162 8 6 0 31 291 290 27 4 0 5 14 24 58 11 0 0 0 0 1 0 0 0 0 0 4 0 0 66 173 12 0 2 1 38 238 33 2 0 0 0 13 3 0 0 0 0 0 0 0 0 0 0 0 0 0 0 0 114 835 347 41 9 1 106 883 870 64 11 0 12 101 190 274 24 0 0 0 0 4 9 0 0 0 0 1 2 1 6 33 1 1 0 0 17 112 18 0 0 0 3 25 19 2 0 0 0 0 0 0 0 0 0 0 0 0 0 0 4 65 37 2 2 0 16 146 150 13 2 0 2 60 120 152 32 1 0 2 4 16 4 0 0 0 0 0 0 0 2 3 1 0 0 0 1 12 3 0 0 0 3 34 19 3 0 0 0 1 0 0 0 0 0 0 0 0 0 0 7 4 2 2 0 0 4 21 19 10 2 0 8 68 63 69 8 1 0 1 0 17 14 0 0 0 0 1 9 3 0 0 0 0 0 0 0 0 0 0 1 0 0 8 2 1 0 0 0 1 0 0 0 0 0 0 0 0 0 0 0 0 1 0 1 0 0 1 1 4 6 0 0 8 10 26 19 4 0 2 1 9 41 11 0 0 0 8 25 6 0 0 0 0 0 0 0 0 0 0 0 0 0 0 0 0 0 0 0 0 0 0 0 0 0 0 0 0 0 0 0 0 0 0 0 0 0 0 0 1 1 0 0 0 0 1 10 1 0 0 1 1 7 11 0 0 0 9 2 7 1 3 1 1 0 0 1 1 2 0 0 0 0 1 0 0 0 0 0 0 0 0 0 0 0 0 0 0 0 0 1 10 9 4 1 0 0 29 127 28 0 0 0 3 26 40 4 0 0 0 0 1 1 1 0 0 0 0 0 0 8 10 5 1 0 1 0 11 8 3 0 0 0 2 1 0 0 0 0 0 0 0 0 0 0 0 0 0 0 0 8 28 26 9 2 0 2 80 475 58 1 0 1 5 155 122 18 0 0 0 0 5 6 0 0 0 0 0 0 0 0 2 0 0 0 0 5 12 4 1 0 0 0 5 1 1 0 0 0 0 0 0 0 0 0 0 0 0 0 0 2 4 4 2 0 0 2 17 100 13 0 0 0 8 56 71 13 0 0 0 2 5 4 0 0 0 0 0 0 0 0 0 0 0 0 0 0 0 1 0 0 0 2 5 3 4 0 0 0 0 0 0 0 0 0 0 0 0 0 0 2 1 2 0 0 0 0 3 7 2 0 0 0 1 23 35 10 0 0 0 1 4 7 1 0 0 0 0 0 1 0 0 0 0 0 0 0 0 0 0 0 0 0 0 1 0 1 0 2 1 0 0 0 0 0 0 0 0 0 0 0 0 0 0 0 0 0 0 0 1 3 1 0 0 1 14 13 0 0 0 0 5 12 5 0 0 0 1 4 2 0 0 0 0 0 0 0 0 0 0 0 0 0 0 0 0 0 0 0 0 0 0 0 0 0 0 0 0 0 0 0 0 1 0 0 0 0 0 0 0 1 0 0 0 0 1 4 0 0 0 0 2 2 7 0 0 1 0 0 2 1 3 1 0 0 1 1 1 0 0 0 0 0 0 0 0 0 0 0 0 0 0 0 0 0 0 0 0 0 0 2 2 2 1 1 0 2 10 27 12 2 0 1 1 7 4 0 0 0 0 0 1 0 0 0 0 0 0 0 0 8 5 1 0 0 0 2 9 6 0 1 0 0 0 0 0 0 0 0 0 0 0 0 0 0 0 0 0 0 0 5 7 0 6 0 0 1 14 107 17 1 0 0 4 52 29 3 0 1 0 0 1 1 0 0 0 0 0 0 0 0 2 0 0 0 0 8 11 2 0 0 0 1 3 3 1 0 0 0 0 0 0 0 0 0 0 0 0 0 0 3 1 6 0 0 0 5 6 24 6 0 0 0 0 17 26 2 0 0 0 0 2 1 0 0 0 0 0 0 0 0 0 0 0 0 0 1 1 0 0 0 1 2 4 0 0 1 1 0 0 0 0 0 0 0 0 0 0 0 0 1 1 1 1 0 0 3 0 2 6 2 0 1 5 11 10 2 0 0 0 0 2 1 0 0 0 0 0 2 0 0 0 0 0 0 0 0 0 0 0 0 0 1 0 0 0 0 0 0 0 0 0 0 0 0 1 0 0 0 0 0 0 0 0 0 0 0 0 1 3 1 1 0 1 2 6 9 2 0 0 0 0 6 1 0 0 0 1 5 2 0 0 0 0 0 0 0 0 0 0 0 0 0 0 0 0 0 0 0 0 0 0 0 0 0 0 0 0 0 0 0 0 0 0 0 0 0 0 0 0 0 0 0 0 0 0 3 0 0 0 0 0 1 4 0 0 0 0 1 1 7 6 3 0 0 0 0 10 9 1 0 0 0 1 1 0 0 0 0 0 0 0 0 0 1 0 0 0 0 0 5 46 22 13 5 3 0 71 46 44 2 0 2 18 8 33 37 4 0 0 1 3 6 6 0 0 0 5 7 4 5 15 6 0 1 0 4 18 20 2 1 0 1 1 6 4 0 1 1 0 0 0 0 0 0 0 0 0 0 0 3 82 93 12 1 0 2 94 303 98 7 1 0 13 66 301 87 1 0 0 1 4 18 3 0 0 0 3 17 4 83 257 53 2 0 0 43 224 127 11 1 0 0 15 34 13 2 0 0 0 0 0 0 0 0 0 0 0 1 0 70 1369 984 79 9 1 19 764 2808 487 18 2 2 40 495 664 109 6 0 0 5 21 24 6 1 1 0 17 73 28 1139 3022 146 1 0 1 386 1802 207 6 1 0 18 98 66 6 2 1 0 0 0 0 0 0 2 0 0 0 0 0 1716 9227 1892 120 11 0 368 5716 2965 259 10 0 15 255 504 387 48 7 2 0 6 22 37 17 0 0 1 17 59 29 23508 41388 574 33 13 7 11128 26928 786 27 6 6 316 2762 641 81 16 0 7 37 44 3 2 0 1 9 0 0 0 0 25091 62892 4819 285 30 9 12531 62930 11893 1063 84 8 577 7746 3572 1811 385 53 8 61 340 441 568 210 7 6 36 648 1825 563 4148 3460 63 10 7 5 2285 3030 69 7 2 0 38 259 34 2 2 1 0 1 4 0 0 0 0 0 0 0 0 0 2644 3447 466 30 4 0 1745 4295 1563 137 14 2 185 593 369 397 98 4 2 4 14 49 118 54 0 0 7 48 95 30 113 235 15 8 2 0 108 367 69 3 0 0 5 83 48 4 3 0 0 2 2 0 0 0 0 0 0 0 0 0 98 439 236 18 3 0 101 1306 2524 197 21 3 47 270 1139 656 124 14 1 3 17 80 117 27 0 0 2 88 150 25 27 19 3 1 2 0 13 30 18 0 0 0 0 16 10 3 2 1 1 0 0 0 0 0 0 0 0 0 0 0 19 10 34 6 1 0 8 115 1229 143 9 2 1 25 757 296 63 4 0 3 3 46 39 17 0 0 4 33 65 16 7 4 1 1 1 2 29 31 6 2 0 3 9 9 1 0 0 1 1 2 0 0 0 0 0 0 0 0 0 0 3 8 18 2 0 0 11 30 352 51 19 4 1 10 314 133 38 5 0 1 5 31 46 14 0 0 1 14 35 6 0 0 5 0 0 0 1 2 2 0 0 0 0 0 0 0 0 0 0 0 0 0 0 0 0 0 37 37 10 0 0 41 57 24 0 0 2 6 4 0 0 0 1 0 0 0 0 0 0 0 1 22 15 3 0 0 33 32 8 0 0 5 15 2 0 0 0 0 0 0 0 0 0 0 0 1 11 13 4 0 0 36 39 3 0 0 50 47 11 0 0 1 8 3 0 0 2 8 5 0 0 7 2 2 0 0 10 3 1 0 0 25 34 5 0 0 22 24 7 0 0 5 19 8 0 0 0 0 1 0 0 1 0 0 0 2 0 1 0 0 0 2 6 2 0 0 3 13 1 0 0 1 3 2 0 0 0 3 3 0 0 0 0 0 0 0 0 1 0 0 0 0 0 0 0 0 39 59 11 0 0 38 65 30 0 0 0 4 5 0 0 0 0 0 0 0 0 0 0 0 0 105 104 10 0 0 138 301 39 0 0 20 31 12 0 0 0 1 0 0 0 1 1 0 0 2 13 12 14 0 1 75 72 13 0 0 132 203 39 0 1 3 19 6 0 0 2 17 8 0 1 2 1 1 0 0 9 0 0 0 1 76 71 9 0 0 16 37 13 0 0 16 34 12 0 2 0 0 0 0 2 0 0 0 0 0 4 2 0 0 0 2 5 1 0 0 4 19 10 0 0 4 66 18 0 0 4 33 22 0 0 0 3 1 0 0 0 0 0 0 0 0 0 0 0 0 433 1230 133 1 0 176 625 127 0 0 10 39 4 0 0 0 0 1 0 0 0 0 0 0 1 941 1464 150 0 0 1400 3628 551 0 0 165 552 114 0 0 5 4 2 0 0 0 1 0 0 4 82 73 37 0 2 405 464 59 1 0 434 725 148 1 0 17 51 17 0 0 7 24 10 0 0 3 5 8 1 0 16 6 2 0 0 81 104 17 0 1 23 56 17 1 0 19 72 35 1 0 0 0 0 0 0 0 0 0 0 0 6 1 0 0 0 12 19 1 0 0 12 29 12 0 0 78 1279 170 0 0 31 426 87 0 0 1 19 9 0 0 0 0 0 0 0 0 0 0 0 1 1634 7705 700 1 0 769 4687 709 2 0 31 178 46 0 0 0 0 0 0 0 0 0 0 0 5 1332 2759 299 0 0 1507 4274 712 2 0 172 643 111 1 0 5 4 5 0 0 0 0 0 0 6 119 139 53 1 1 262 357 70 0 0 285 498 116 0 1 8 28 7 0 0 6 15 10 0 2 4 9 4 0 2 11 5 2 0 1 48 58 17 0 1 24 34 15 0 1 11 56 16 0 1 1 0 0 0 0 1 0 0 0 2 3 1 1 0 0 4 8 8 0 1 5 16 4 0 0 1550 32224 4740 1 0 772 14390 2720 5 0 35 480 143 0 0 0 22 4 1 0 1 10 1 0 0 9161 84433 7874 21 1 8055 67167 9052 14 0 730 6410 1030 3 0 3 47 10 0 0 1 6 2 0 6 2376 8366 1211 9 6 3573 14463 2796 9 1 854 4083 743 2 0 31 204 33 1 0 3 25 11 0 12 292 493 162 1 2 547 1101 246 0 5 751 1880 452 1 3 76 274 144 1 1 111 596 216 2 9 13 31 21 1 3 46 65 17 0 4 151 288 84 0 3 182 318 136 3 2 316 1042 419 1 5 1 0 3 0 5 7 4 1 0 4 22 17 16 1 5 66 62 39 0 5 114 218 71 0 0 199 6067 938 0 0 124 2859 515 0 0 11 101 30 0 0 0 0 0 0 0 0 0 0 0 0 643 7379 1367 2 0 723 5630 959 3 0 83 517 88 0 0 0 3 0 0 0 0 0 0 0 2 109 464 253 0 0 155 569 247 1 0 40 140 55 1 0 1 5 4 0 0 0 3 0 0 1 23 45 21 1 1 24 62 24 0 3 37 129 74 0 0 4 19 12 1 0 9 16 6 1 1 7 12 3 0 3 6 7 4 0 1 21 24 13 0 0 10 24 8 0 1 13 54 22 0 2 0 0 0 1 1 2 0 0 0 0 3 2 0 0 3 15 11 5 1 0 8 16 8 0 0 11 206 55 0 0 13 159 45 0 0 2 23 8 0 0 0 0 0 0 0 0 0 0 0 0 84 1049 453 0 0 147 1286 311 0 0 34 240 58 0 0 0 7 0 0 0 0 0 0 0 2 53 272 237 1 0 155 818 415 0 0 46 290 114 1 0 2 2 1 1 0 0 0 0 0 1 10 22 23 1 0 22 59 40 0 0 89 315 182 0 1 9 24 14 0 0 5 14 4 0 1 7 6 7 0 1 4 15 7 0 1 20 59 24 0 0 25 35 15 0 0 11 21 6 0 1 1 0 0 0 1 0 0 0 0 0 4 2 1 0 2 11 6 3 0 0 6 8 3 0 0 4 12 6 0 0 0 7 3 0 0 0 2 1 0 0 0 1 1 0 0 0 0 0 0 0 5 31 22 0 0 12 97 44 0 0 6 21 3 0 0 0 1 0 0 0 0 0 0 0 0 8 18 22 0 2 73 432 217 0 0 22 156 89 0 0 1 2 0 0 0 0 1 0 0 3 2 5 7 0 0 20 57 29 0 0 31 163 94 0 0 4 13 5 0 0 0 1 0 0 0 0 0 3 0 0 1 3 1 0 0 15 32 16 0 0 6 19 7 0 0 0 2 2 0 1 0 0 0 0 0 1 0 0 0 0 0 0 0 0 0 5 5 4 0 0 1 3 1 0 0 11 8 1 0 0 17 6 0 0 0 2 3 1 0 0 1 0 0 0 0 0 0 0 0 0 4 8 9 0 0 11 32 9 0 0 5 13 0 0 0 0 0 0 0 0 0 1 0 0 1 5 2 3 0 1 11 98 59 0 0 11 50 31 0 0 0 0 0 0 0 0 0 0 0 0 3 3 2 0 0 13 23 8 0 1 13 43 19 0 0 1 4 1 0 0 0 1 0 0 0 1 0 0 0 1 5 0 1 0 0 7 7 6 0 0 2 5 3 0 0 2 4 2 0 1 0 0 0 0 0 2 0 0 0 0 3 0 0 0 0 1 0 4 0 0 0 2 1 0 0 3 9 0 0 0 0 0 0 0 0 0 2 0 0 0 0 0 0 0 0 0 1 0 0 0 19 30 3 0 0 26 41 14 0 0 4 10 5 0 0 0 0 0 0 0 0 0 0 0 0 10 12 3 0 1 27 23 4 0 0 1 6 2 0 0 1 0 0 0 0 0 0 0 0 4 3 2 4 0 1 15 19 10 0 0 11 20 2 0 0 1 0 2 0 0 0 2 3 0 0 2 0 3 0 0 1 1 0 0 0 15 16 6 0 0 4 2 0 0 0 0 3 4 0 0 1 0 2 0 0 0 0 0 0 0 2 1 1 0 0 4 1 1 0 0 2 1 1 0 0 0 6 2 0 0 1 4 1 0 0 1 0 0 0 0 0 1 0 0 0 0 0 0 0 0 34 55 8 0 0 38 64 10 0 0 2 11 1 0 0 0 0 0 0 0 0 0 0 0 1 45 48 5 0 0 78 201 44 0 0 17 41 14 0 0 0 1 0 0 0 0 0 0 0 1 5 4 2 0 0 34 53 13 0 1 87 176 41 0 0 2 1 1 0 0 0 1 2 0 0 0 1 1 0 0 7 1 0 0 0 32 46 9 0 0 7 9 2 0 0 1 11 4 1 0 0 0 0 0 0 1 0 0 0 0 1 1 0 0 1 2 0 0 0 0 1 3 0 0 0 11 112 30 0 0 5 40 17 0 0 0 0 2 0 0 0 0 0 0 0 0 1 0 0 0 408 1100 118 0 0 155 686 145 2 0 4 35 16 0 0 0 0 0 0 0 0 1 0 0 3 406 560 67 1 0 653 1899 382 1 0 75 368 86 0 0 2 0 3 0 0 0 0 0 0 10 34 25 12 0 2 195 260 41 0 1 214 375 86 1 0 2 13 6 0 0 1 12 4 0 1 4 4 0 0 1 10 8 0 0 3 42 55 11 0 0 5 9 10 0 0 16 45 13 0 1 0 0 0 0 0 1 1 0 0 0 3 2 1 0 1 2 3 0 0 0 6 19 3 0 0 168 2406 280 1 0 36 587 131 0 0 2 23 7 1 0 0 1 1 0 0 0 2 0 0 0 1912 9447 883 7 0 796 5867 855 0 0 30 245 78 0 0 0 0 0 0 0 0 0 0 0 3 643 1254 136 2 1 682 2094 395 0 0 80 393 97 0 0 1 4 1 0 0 1 0 0 0 7 45 47 22 0 2 101 136 26 0 0 127 208 58 0 0 5 11 6 0 0 4 9 4 0 0 5 4 1 1 1 3 4 3 0 1 27 20 2 0 2 12 13 10 0 0 8 38 13 0 0 0 0 1 0 0 0 0 0 0 1 4 3 0 0 2 11 2 2 0 1 8 16 4 0 0 1997 40358 6240 4 0 1024 18558 4073 4 0 68 664 161 0 0 1 11 3 0 0 1 7 0 0 2 8945 86496 8809 28 1 8140 71276 10422 19 0 993 8050 1464 1 0 8 75 15 0 0 3 8 4 0 15 1288 3464 619 7 8 2257 8565 1842 7 2 587 3010 613 1 0 44 278 61 1 0 0 29 7 0 9 109 147 50 3 5 330 619 135 1 1 395 1155 340 1 1 85 234 124 0 0 78 413 156 1 8 16 15 4 0 3 30 42 11 4 3 110 203 84 1 12 187 247 122 2 0 317 1068 440 0 5 4 3 3 1 2 7 2 2 1 1 24 19 9 0 10 90 71 39 0 2 153 301 106 1 0 167 5558 1065 2 0 136 3142 750 2 0 21 149 53 0 0 0 2 0 0 0 0 0 0 0 0 414 5226 1259 8 0 482 5434 1407 2 0 96 599 157 0 0 1 3 1 0 0 0 0 0 0 7 85 284 153 0 2 157 979 492 2 1 40 236 126 0 0 1 8 8 1 0 2 2 2 1 10 11 12 7 0 3 43 78 20 0 0 38 219 142 0 0 9 24 16 0 0 6 31 11 0 5 2 4 0 0 0 5 10 1 0 2 29 41 28 0 3 42 46 26 1 0 15 51 28 1 3 0 1 1 0 0 1 1 0 0 0 2 1 2 0 5 25 16 8 0 0 4 20 6 0 0 8 153 50 0 0 14 155 40 0 0 3 41 8 0 0 0 1 0 0 0 0 0 0 0 0 55 410 209 0 0 102 1039 529 3 0 41 237 75 0 0 1 2 2 0 0 0 0 0 0 3 44 123 81 0 2 204 1442 945 0 0 68 776 343 0 0 6 6 7 0 0 0 2 0 0 6 7 8 5 0 0 52 113 35 0 1 71 358 230 0 0 15 49 16 0 0 25 50 13 0 1 2 1 0 1 0 5 10 6 0 0 37 59 31 0 2 29 60 26 0 0 37 86 27 0 0 0 0 0 0 0 3 0 0 0 0 7 2 5 0 1 10 13 3 0 0 8 15 2 0 0 8 25 13 0 0 0 15 6 0 0 1 0 0 0 0 0 1 0 0 0 0 0 0 0 0 10 9 10 0 0 12 73 60 0 0 5 27 9 0 0 0 1 2 0 0 0 0 0 0 0 22 9 6 0 0 95 689 463 0 0 26 494 247 0 1 1 1 0 0 0 1 3 0 0 0 3 4 0 0 0 26 80 37 0 0 40 165 94 0 0 7 27 12 0 0 6 19 8 0 1 1 1 0 0 0 3 4 2 0 1 17 29 18 0 0 8 20 11 0 1 16 38 10 0 0 0 0 0 0 0 0 2 0 0 1 1 2 1 0 2 6 6 3 0 0 8 5 3 0 0 2 6 2 0 0 9 25 6 0 0 2 7 1 0 0 0 0 1 0 0 0 0 0 0 0 4 5 3 0 0 7 32 22 0 0 3 11 5 0 0 0 2 1 0 0 0 0 0 0 0 13 4 2 0 1 31 184 142 0 0 11 186 118 0 0 2 3 0 0 0 0 1 0 0 1 1 1 0 0 1 9 28 15 0 0 9 71 53 0 0 6 16 9 0 0 5 7 2 0 0 1 0 0 0 0 5 9 4 1 0 10 22 6 0 0 12 22 12 0 0 16 11 8 0 2 0 0 0 0 3 0 2 2 0 1 3 1 1 0 0 3 9 2 0 0 1 4 1 0 171 382 4654 16302 153016 17540 2503 149 62 293 789 7521 13917 125067 11919 3498 999 297 209 609 2405 2241 18190 1373 1513 651 215 76 105 227 152 1668 126 158 74 22 64 124 222 141 3174 157 78 11 13 110 218 2907 17275 158649 14284 1167 122 47 183 550 4504 11720 127390 13149 4699 1567 538 104 481 1380 1407 17960 1982 2393 1178 521 16 27 56 84 1721 246 249 109 100 17 24 121 108 3095 180 265 118 56 0 0 0 0 0 0 0 0 0 0 0 1 0 0 1 0 0 0 0 0 1 4 15 5 3 0 0 0 0 5 13 21 10 4 0 0 0 0 3 4 26 5 2 1 0 0 0 2 8 29 4 3 0 0 43 114 508 487 617 525 481 69 29 29 175 2271 4698 8683 4663 2237 145 16 9 24 710 2243 7448 2170 751 20 5 2 13 183 565 2533 548 188 13 1 0 2 44 176 877 145 53 2 0 0 0 15 39 220 44 14 1 0 310 974 7944 11773 17379 11720 7289 831 200 95 753 12662 38956 84139 39268 12483 648 67 13 42 1598 7066 26395 7465 1679 30 4 0 21 231 1167 5339 1152 253 11 0 1 1 52 366 1903 349 29 2 0 0 0 10 44 348 66 8 0 0 231 456 1716 1565 1975 1557 1487 355 184 76 282 2302 4561 8694 4621 2262 243 54 12 29 641 1291 4586 1353 606 29 12 2 23 167 376 1378 341 118 11 2 0 4 42 132 624 164 45 7 0 0 0 11 24 141 21 3 1 0 0 0 0 3 2 2 0 0 0 1 0 6 6 10 9 5 3 7 3 2 4 6 5 3 2 3 1 1 1 3 1 2 0 2 0 2 0 1 0 0 5 0 1 1 0 0 0 1 0 1 1 0 0 0 0 0 0 0 0 0 0 0 0 0 0 0 0 0 0 0 0 0 0 0 0 0 0 0 0 0 0 0 0 1 0 1 0 0 0 0 0 0 0 0 1 0 0 0 0 0 0 0 1 0 0 0 0 0 0 0 2 1 3 3 0 0 0 0 3 10 8 18 11 9 0 0 0 1 2 4 10 8 3 0 0 0 0 2 1 1 1 0 0 0 0 0 1 0 0 0 0 0 0 0 0 0 0 0 0 0 0 0 1 2 24 33 34 40 20 1 0 1 9 35 82 145 98 30 1 1 0 0 4 5 21 7 3 0 0 0 0 0 1 1 1 0 0 0 0 0 0 1 0 0 0 0 0 0 0 0 0 0 0 0 0 0 0 4 6 4 11 2 10 2 2 2 4 6 13 15 9 8 1 2 0 0 2 2 6 4 1 0 2 0 0 2 0 1 0 0 0 0 0 0 0 0 0 0 0 0 0 0 0 0 0 0 0 0 0 0 0 0 0 0 0 0 0 0 0 0 0 0 0 0 0 0 0 0 0 0 0 0 0 0 0 0 0 0 0 0 0 0 0 0 0 0 0 0 0 0 0 0 0 0 0 0 0 0 0 0 0 0 0 0 0 0 0 0 0 0 0 0 0 0 0 0 0 0 0 0 0 0 0 0 0 0 1 0 0 0 0 0 0 1 1 0 1 0 0 0 0 0 0 0 0 0 0 0 0 0 0 0 0 0 0 0 0 0 0 2 5 12 7 7 4 0 0 2 4 28 41 64 33 31 2 0 2 6 14 13 25 19 9 2 0 0 1 4 5 5 2 0 0 0 0 0 0 1 2 0 0 0 0 0 0 1 0 1 0 0 0 0 5 10 80 117 145 107 78 10 2 3 21 127 307 500 306 95 9 2 1 2 12 41 95 24 13 0 0 0 0 1 6 11 4 0 0 0 0 0 1 0 1 0 2 0 0 0 0 0 0 0 0 0 0 0 4 10 29 13 19 16 16 3 3 2 6 36 49 55 42 27 4 1 3 3 6 15 22 10 4 0 0 0 0 4 3 6 2 0 0 0 0 0 1 0 0 1 0 0 0 0 0 1 0 0 0 0 0 0 0 0 0 0 0 0 0 0 0 1 0 0 0 1 0 0 0 1 0 1 1 0 0 0 0 0 0 0 0 0 0 0 0 0 0 0 0 0 0 0 0 0 0 0 0 0 0 0 0 0 0 0 0 0 0 0 0 0 0 0 0 0 0 0 0 0 0 0 0 0 0 0 0 0 0 3 3 1 0 0 0 0 0 2 1 4 1 0 0 0 0 0 0 4 2 1 1 0 0 0 0 1 2 2 1 0 0 0 6 18 81 68 77 68 67 12 2 5 21 252 433 620 390 233 24 4 8 12 75 135 314 119 62 2 2 0 3 20 32 76 23 10 1 0 0 1 17 14 17 8 4 0 0 0 0 12 3 3 2 0 0 0 54 139 1006 1171 1475 1228 877 107 20 15 104 1372 3198 5353 3333 1352 80 4 3 10 163 384 1111 406 139 3 2 0 2 19 47 138 47 9 0 0 0 1 9 11 33 13 4 0 0 0 0 4 2 5 1 0 0 0 28 54 260 188 229 242 194 42 32 6 41 267 461 688 449 275 30 7 4 11 69 79 258 123 77 2 1 2 1 21 23 50 15 6 0 0 1 1 11 7 9 2 1 0 0 0 0 3 2 1 0 1 0 0 0 0 1 0 0 0 1 0 0 0 1 4 2 2 3 2 0 0 0 0 1 0 1 0 0 0 0 0 0 1 0 0 0 0 0 0 0 0 0 0 0 0 1 0 0 0 0 0 0 0 0 0 0 0 0 0 0 0 0 0 0 0 0 0 0 0 0 1 0 0 0 0 0 0 0 1 5 3 0 0 0 0 1 1 1 5 2 2 0 0 0 1 3 0 4 0 0 0 0 0 0 0 4 4 1 0 0 0 9 35 132 106 150 147 104 21 6 8 39 435 1037 1664 986 440 39 3 3 13 88 264 682 225 77 1 3 0 3 25 61 233 58 11 3 0 0 0 19 43 104 30 5 0 0 0 0 10 21 44 6 2 0 0 83 274 1984 2855 3781 2830 1858 242 54 16 165 2765 8534 15265 8609 2713 135 13 0 4 250 910 2568 921 277 3 0 0 1 34 156 536 137 31 0 0 0 0 8 57 214 44 3 0 0 0 0 1 10 56 10 0 0 0 73 99 479 484 559 433 368 89 41 25 53 527 1081 1890 1121 519 59 22 2 8 129 196 613 220 121 4 2 0 1 26 65 176 32 14 0 1 0 1 12 32 75 17 5 0 0 0 0 0 10 19 5 1 0 0 0 0 0 0 0 0 0 0 0 1 1 0 3 5 0 0 1 0 0 1 0 0 1 2 1 1 0 0 0 0 1 1 0 0 0 0 0 1 0 0 2 1 0 0 0 0 0 0 0 0 0 1 0 0 0 0 0 0 0 0 0 0 0 0 0 1 1 0 0 0 0 0 0 0 0 1 8 3 2 0 0 0 0 1 4 14 2 0 0 0 0 0 1 3 2 4 2 0 0 0 0 2 3 6 3 1 0 0 25 63 237 267 290 241 226 43 10 9 77 871 1764 3654 1835 748 63 10 3 10 216 488 1881 558 214 8 5 0 2 47 167 755 148 34 3 0 0 1 18 76 488 80 8 0 0 0 0 1 31 187 18 3 0 0 168 525 3604 6152 9937 6029 3316 393 110 43 335 4965 17448 42594 17117 4769 261 31 4 7 607 1922 8173 2018 637 7 4 0 3 98 371 2032 344 73 0 0 0 0 11 170 1181 192 10 0 0 0 1 0 32 297 38 2 1 0 137 222 810 865 1126 785 717 189 113 37 132 962 2092 4651 2128 920 93 25 7 9 411 506 1815 518 318 6 3 1 0 54 140 659 129 39 0 0 1 1 10 69 469 71 8 0 0 0 0 0 14 103 9 2 1 0 0 0 2 3 1 0 0 1 0 0 0 5 5 2 1 4 0 0 1 0 1 1 2 0 1 1 0 0 0 0 0 0 0 0 0 1 0 0 0 0 3 1 1 0 0 0 0 0 0 2 0 0 0 0 0 0 0 0 0 0 0 0 0 0 0 0 0 0 0 0 0 0 0 0 0 0 5 3 1 0 0 0 0 0 3 4 1 1 0 0 0 0 0 4 7 3 1 0 0 0 0 0 0 6 3 0 0 0 8 24 135 127 166 126 114 25 9 6 51 522 998 1631 928 444 34 4 3 4 78 249 691 253 90 4 1 0 0 16 57 213 59 16 1 0 0 0 3 19 106 25 4 0 0 0 0 2 4 39 6 1 0 0 98 338 2155 2880 3912 2970 1851 183 62 19 160 2852 8586 15334 8627 2613 130 11 1 8 225 902 2579 894 224 6 1 0 0 33 148 545 163 22 1 0 0 0 7 56 237 58 5 0 0 0 0 0 12 48 18 2 0 0 81 139 516 433 519 415 401 118 58 23 55 604 1096 1933 1068 510 84 15 5 12 145 231 577 233 121 3 0 0 0 7 51 179 54 6 2 0 0 1 4 25 84 26 7 1 0 0 0 0 3 24 7 0 0 0 0 0 2 0 0 0 0 0 0 0 0 1 1 7 3 1 0 0 1 0 0 0 0 0 0 0 1 0 0 0 1 0 0 0 1 0 0 0 1 1 1 0 0 0 0 0 0 0 0 0 0 0 0 0 0 0 0 0 0 0 0 0 0 0 0 0 0 0 0 0 0 0 0 0 1 2 4 2 0 0 0 0 0 2 2 5 0 0 0 0 0 0 0 2 1 1 2 0 0 0 0 0 0 3 0 1 0 0 4 15 72 62 69 69 52 8 4 2 23 243 411 641 405 219 27 3 2 13 62 114 287 129 57 10 2 1 0 6 27 68 31 18 3 0 0 0 5 4 14 14 15 0 0 0 0 0 0 5 1 5 0 0 36 129 893 1147 1517 1185 941 114 30 8 92 1384 3252 5282 3119 1335 82 13 6 7 135 355 898 361 115 2 0 0 0 18 40 126 50 29 3 0 0 0 3 8 28 8 9 1 0 0 0 1 2 1 0 2 0 0 36 65 214 169 229 170 190 45 24 9 37 274 474 659 440 227 27 14 1 4 59 87 224 102 53 3 3 0 0 6 21 29 18 14 2 0 0 0 2 4 13 7 12 1 0 0 0 1 1 4 2 0 0 0 0 0 1 1 0 0 0 0 1 1 1 3 1 0 1 0 1 1 0 0 0 0 0 0 1 0 1 0 0 0 0 0 0 0 1 0 0 0 0 0 0 0 0 0 0 0 0 0 0 0 0 0 0 0 0 0 0 0 0 0 0 0 0 0 0 0 0 0 0 0 0 0 0 0 0 1 0 0 0 0 0 0 0 0 1 1 1 0 0 0 0 0 0 0 0 0 0 1 0 0 0 0 0 1 0 0 0 0 0 0 8 2 6 13 8 2 0 0 5 25 33 66 36 26 1 0 0 0 4 4 23 16 8 1 0 0 1 2 3 2 2 4 1 0 0 0 0 0 1 1 4 1 0 0 0 0 0 0 1 0 0 0 4 16 77 101 122 97 97 13 2 1 6 94 230 395 249 114 9 0 0 1 6 28 81 30 11 1 0 0 1 2 2 8 3 0 0 0 0 0 0 0 0 0 2 0 0 0 0 0 0 1 0 0 1 0 3 4 15 12 12 17 16 4 3 2 3 22 28 48 34 17 4 1 2 0 4 6 15 5 7 2 0 0 1 0 2 2 2 2 1 0 0 0 0 0 1 1 2 0 0 0 0 0 0 0 1 0 0 0 0 0 0 0 0 0 0 0 0 1 1 0 0 0 0 0 0 0 2 0 0 0 0 0 0 0 0 0 0 0 0 0 0 0 0 0 0 0 0 0 0 0 0 0 0 0 0 0 0 0 0 0 0 0 0 0 0 0 0 0 0 0 0 0 0 0 0 0 0 0 0 0 0 0 1 0 0 0 0 0 0 0 0 0 0 0 0 0 0 0 0 0 0 0 0 0 0 0 0 0 0 0 0 0 0 0 0 0 1 0 1 0 0 1 0 1 0 0 1 6 11 9 9 2 0 0 0 0 2 2 7 3 2 0 0 0 0 1 0 3 0 0 0 0 0 0 0 0 0 0 0 0 0 0 0 0 0 0 0 0 0 0 2 2 24 20 26 31 14 1 2 1 0 20 47 112 50 17 2 0 0 0 3 7 25 6 3 0 0 0 0 0 0 2 2 1 0 0 0 0 0 0 0 0 1 0 0 0 0 0 0 0 0 1 0 0 2 1 4 5 5 2 4 0 0 0 3 6 10 15 9 4 1 2 0 0 0 3 5 5 5 1 1 0 0 0 0 2 1 0 0 0 0 0 0 0 1 0 0 0 0 0 0 0 0 0 0 0 0 0 0 0 0 0 0 0 0 0 0 0 0 0 0 1 0 0 0 0 0 0 0 0 0 0 1 0 0 0 0 0 0 0 0 0 0 0 0 0 0 0 0 0 0 0 0 0 0 0 0 0 0 0 0 0 69 1251 794 78 14 138 141 19 2 7 4 0 1 0 2 0 0 0 0 0 140 2170 1767 281 40 405 462 145 0 12 14 6 0 0 0 0 0 0 0 0 7 72 108 67 7 44 59 55 0 1 5 4 0 0 0 0 0 0 0 0 1 3 7 12 2 4 4 14 0 5 4 7 0 0 0 1 0 0 0 0 0 0 1 2 0 1 1 0 0 0 0 1 1 1 0 0 0 0 0 0 0 0 1 0 0 0 0 0 0 0 0 0 0 0 0 0 0 0 0 0 115 2032 1764 279 40 429 470 150 0 12 9 7 0 0 0 0 0 0 0 0 267 3895 3701 1096 123 1183 1437 786 9 32 63 86 0 0 0 1 0 0 0 0 19 135 235 223 10 105 165 253 3 9 19 38 0 0 1 0 0 0 0 0 0 6 11 21 4 10 10 38 1 2 5 41 0 1 0 0 0 0 0 1 1 3 2 4 0 3 1 2 0 0 0 7 0 0 0 0 0 0 0 0 0 0 0 0 0 0 0 0 0 1 0 1 0 0 0 0 0 0 0 0 6 82 93 62 2 42 66 51 0 0 4 6 0 0 0 0 0 0 0 0 10 143 191 185 11 112 155 255 1 10 13 35 0 0 0 0 0 0 0 0 5 19 39 50 1 17 23 54 0 10 13 39 0 0 0 0 0 0 0 1 3 7 15 27 2 1 3 9 0 3 5 30 0 1 0 0 0 0 1 0 0 0 2 0 0 0 0 0 0 2 1 6 0 0 0 0 0 0 0 0 0 0 0 0 0 0 0 0 0 0 0 1 0 0 0 0 0 0 0 0 0 3 4 6 1 3 3 8 0 2 2 4 0 1 0 0 0 0 0 0 0 10 17 15 0 7 10 39 1 2 8 46 0 0 0 0 0 0 0 0 1 5 8 24 2 5 1 8 1 4 1 22 1 0 1 0 0 0 0 0 3 8 7 9 3 7 1 3 1 6 10 16 1 5 3 8 0 1 0 2 0 2 0 0 1 5 2 1 4 2 4 8 0 5 4 4 0 1 0 2 0 0 0 0 0 1 0 0 0 2 0 1 0 0 0 1 0 0 0 1 0 0 1 0 0 0 2 1 0 1 0 3 0 0 0 1 0 0 1 0 0 2 0 3 1 0 1 4 1 2 0 12 0 2 1 1 0 0 0 2 0 0 0 1 0 2 0 0 1 0 2 5 0 0 0 0 0 0 1 0 0 2 3 0 1 1 5 1 3 4 3 7 4 3 2 3 1 0 2 1 1 0 1 0 1 5 6 3 1 20 5 12 10 19 12 11 3 4 5 11 0 0 0 0 0 2 1 1 0 1 2 1 1 6 1 9 1 0 0 1 0 1 1 0 0 0 0 0 0 0 0 0 0 0 0 0 0 0 0 0 0 0 2 1 0 1 0 0 0 0 0 0 0 0 0 0 0 0 0 0 0 0 0 0 0 0 0 0 0 0 0 0 0 0 0 1 0 0 0 0 0 0 0 0 0 0 1 1 0 0 3 1 1 2 0 1 0 0 0 0 0 0 0 0 0 2 0 0 0 3 5 4 4 6 4 5 1 1 1 2 0 0 0 0 0 0 0 0 0 2 2 0 1 4 3 22 0 0 3 6 73 1014 651 67 14 154 119 28 1 7 6 3 0 1 0 0 0 0 0 0 170 1801 1496 241 53 428 426 136 0 4 14 8 0 0 0 0 0 0 0 0 6 101 126 76 6 52 67 55 0 5 3 5 0 0 0 0 0 0 0 0 1 6 10 7 0 9 9 10 0 2 1 7 0 0 0 0 0 0 0 0 0 1 0 1 0 0 0 1 0 0 0 0 0 0 0 0 0 0 0 0 0 1 0 1 0 0 0 0 0 0 0 0 0 0 1 0 0 0 0 1 164 1667 1357 289 46 392 390 129 2 5 13 7 0 0 0 0 0 0 0 0 346 3136 2938 1011 186 1189 1353 740 11 48 59 69 0 0 0 0 0 0 0 0 17 152 199 195 24 129 188 264 3 13 21 41 1 0 0 0 0 0 0 0 1 12 16 19 2 14 16 39 2 6 6 47 0 1 0 0 0 0 0 0 0 1 0 4 1 1 3 0 0 0 1 5 0 0 0 2 0 0 0 0 0 0 3 1 1 0 0 1 0 0 0 1 0 0 0 0 0 0 0 0 12 56 82 51 2 40 61 56 0 0 5 7 0 0 0 0 0 0 0 0 12 123 192 133 15 110 180 207 3 12 19 50 0 0 0 0 0 0 0 0 2 16 29 38 4 20 20 59 1 6 16 35 1 2 0 1 0 0 0 0 1 6 17 33 1 3 0 8 1 2 3 14 0 0 0 1 0 0 0 0 0 0 0 2 0 1 0 1 0 1 1 7 0 0 0 1 0 0 0 0 0 0 1 0 0 0 0 0 0 0 0 0 0 0 0 0 0 0 0 0 2 4 2 9 2 4 7 6 0 1 1 6 0 0 0 0 0 0 0 0 0 7 10 10 2 8 18 36 1 5 10 50 0 1 0 0 0 0 0 0 0 4 3 11 2 1 2 11 2 3 7 37 0 0 0 1 0 0 0 0 1 4 2 16 1 2 1 3 1 2 7 15 2 6 6 4 0 1 0 0 0 0 0 1 1 2 3 0 0 4 3 2 1 2 1 11 2 1 0 1 0 0 0 0 0 0 1 0 0 0 1 1 0 0 0 3 0 0 0 0 0 1 0 0 0 0 1 0 0 0 0 1 0 0 0 0 0 0 0 0 0 1 1 4 0 0 2 6 0 0 1 5 0 0 0 1 0 0 0 0 0 0 0 0 0 0 0 1 1 2 0 5 0 0 0 0 0 0 0 0 0 0 1 0 0 4 5 2 1 4 6 4 4 6 1 5 0 0 0 0 0 0 0 0 0 5 2 1 2 3 3 4 5 16 9 19 2 4 2 6 0 0 0 0 0 0 0 0 0 2 1 2 2 1 3 8 1 1 1 1 0 0 0 1 0 0 0 0 0 0 0 0 0 0 0 0 0 0 0 0 0 0 1 1 0 0 0 0 0 0 0 0 0 0 0 1 0 0 0 0 0 0 0 1 0 0 0 0 0 0 0 0 0 0 1 0 0 0 0 0 0 0 0 0 0 0 2 0 0 0 0 0 0 1 0 3 0 0 0 0 0 0 0 0 0 1 0 1 1 3 2 3 1 6 4 9 0 1 0 0 0 0 0 0 0 0 0 0 0 0 1 0 2 5 0 15 0 2 0 2 120 884 541 56 16 152 131 17 0 5 7 5 0 0 0 0 0 0 0 1 257 1883 1375 266 67 483 477 161 0 9 19 5 0 0 0 0 0 0 0 0 19 111 161 99 13 94 100 83 0 3 9 10 0 0 0 0 0 0 0 0 2 6 9 13 1 6 11 19 1 3 5 11 0 0 0 0 0 0 0 0 0 0 1 2 0 0 1 2 0 0 0 2 0 0 0 0 0 0 0 0 0 0 0 0 0 1 0 0 0 0 0 0 0 0 0 0 0 0 0 0 201 1582 1283 245 63 462 431 123 0 9 14 10 0 0 0 0 0 0 0 0 450 3193 2916 899 239 1394 1403 735 12 63 71 89 0 0 0 0 0 0 0 1 31 207 285 214 36 238 301 335 2 18 18 76 0 0 0 0 0 0 0 0 3 13 27 22 2 15 23 46 3 9 15 75 0 0 0 0 0 0 0 0 0 1 2 5 0 4 1 3 0 0 1 10 0 0 0 1 0 0 0 0 0 1 1 0 0 0 0 0 0 0 0 0 0 0 0 0 0 1 0 0 6 64 81 55 9 53 50 52 0 3 3 9 0 0 0 0 0 0 0 0 29 130 177 133 29 123 176 312 1 19 21 56 0 0 0 0 0 0 0 0 1 10 20 40 4 17 32 76 1 11 14 37 0 0 0 1 0 0 0 0 2 5 11 28 0 1 3 5 2 7 6 28 0 0 1 0 0 0 0 0 0 0 2 1 0 0 0 1 0 1 1 5 0 1 0 0 0 0 0 0 0 0 0 0 0 0 0 0 0 0 0 0 0 0 0 1 0 0 0 0 0 0 1 3 1 7 2 15 0 2 2 5 0 1 0 1 0 0 0 0 0 5 10 8 0 9 7 37 2 8 9 60 0 1 1 0 0 0 0 1 0 0 5 4 0 5 4 8 1 3 2 32 0 1 0 0 0 0 0 0 0 4 5 4 2 2 2 6 3 6 5 24 0 4 3 3 1 1 0 0 0 0 1 1 0 1 3 1 0 1 0 3 0 1 4 4 1 0 0 0 0 0 0 0 0 0 0 1 0 1 1 1 0 0 0 0 0 1 0 0 1 0 1 0 0 0 0 0 0 0 1 0 0 0 0 0 0 0 0 1 0 2 1 1 0 1 0 2 1 0 3 4 0 0 2 1 0 0 0 0 0 0 0 0 0 0 0 0 0 1 2 11 0 0 0 0 0 0 0 0 0 1 0 1 0 1 3 1 0 0 2 5 2 5 0 5 0 1 0 3 0 0 0 0 1 1 0 1 0 4 2 9 0 7 13 8 2 0 0 2 0 0 0 0 0 0 1 0 1 1 1 2 2 2 3 7 0 1 1 0 0 1 0 0 0 0 0 0 0 0 0 0 0 0 0 0 0 0 0 0 0 1 0 0 0 0 0 1 0 0 0 1 0 0 0 0 0 1 1 0 0 0 0 0 0 0 0 0 0 0 0 0 0 0 0 0 0 0 0 0 0 0 0 0 0 0 0 0 0 1 0 0 1 0 0 2 0 1 0 3 0 0 0 1 0 0 1 1 1 3 2 1 2 5 2 9 1 0 0 1 0 1 0 0 0 0 1 0 0 1 0 1 1 2 1 6 1 2 1 3 144 1029 566 56 22 212 156 21 0 2 4 2 0 1 0 0 0 0 0 0 345 2254 1639 298 152 808 729 203 1 10 14 12 0 0 0 0 0 0 0 0 32 199 209 112 23 164 209 183 4 4 11 9 0 0 0 0 0 0 0 0 2 12 9 10 2 12 18 31 0 3 2 12 0 0 0 0 0 0 0 1 1 1 2 2 0 0 2 0 0 0 1 0 0 0 0 0 0 0 0 0 0 0 0 0 0 0 0 0 0 0 0 1 0 0 0 0 0 0 0 0 234 1824 1405 272 110 670 500 154 1 12 15 12 0 0 0 0 0 0 0 0 745 4317 3546 1098 504 2514 2418 1137 21 129 156 146 0 0 0 0 0 0 0 0 66 451 459 357 88 538 634 723 7 42 66 142 0 0 0 0 0 0 0 0 2 17 26 43 8 37 42 103 5 16 33 124 0 0 1 0 0 0 0 0 0 0 6 2 0 2 1 3 3 5 6 16 0 0 0 0 0 0 1 0 0 1 0 0 0 0 0 0 0 0 0 0 0 0 0 0 0 0 0 0 9 106 100 42 12 96 114 90 0 1 5 7 0 0 0 0 0 0 0 0 28 216 252 157 61 301 393 401 6 23 35 89 0 1 0 0 0 0 0 0 1 13 30 36 5 49 50 112 1 18 39 77 0 0 1 1 0 0 0 0 1 5 6 31 1 5 6 11 2 12 21 61 0 2 3 1 0 0 0 0 0 1 0 0 0 0 0 0 1 4 6 13 0 0 0 0 0 0 0 0 0 0 0 0 0 0 0 0 0 1 1 0 0 0 0 0 0 0 0 0 1 6 6 4 0 6 8 4 1 4 1 9 0 0 0 0 0 0 0 0 3 7 11 12 5 28 33 54 1 18 23 74 0 0 0 0 0 0 0 0 0 0 2 7 0 3 6 8 4 11 14 64 1 0 0 0 0 0 0 1 1 2 1 3 0 0 3 10 1 4 6 19 0 6 3 7 2 1 1 0 0 0 0 0 0 0 0 1 0 4 1 9 1 2 3 3 1 1 0 3 0 0 0 0 0 0 0 0 0 0 0 1 0 1 0 1 0 2 0 1 0 0 1 2 0 0 0 3 0 0 0 1 0 0 0 0 0 1 2 0 0 4 4 2 0 5 2 5 1 2 2 9 0 1 1 1 0 0 0 1 0 0 1 0 0 0 0 0 0 1 2 13 0 0 0 1 0 0 0 0 0 0 2 0 0 1 1 0 1 2 5 9 1 3 2 3 1 0 1 3 0 0 0 2 0 1 0 0 0 3 1 6 4 8 14 13 1 6 2 5 0 0 0 0 0 0 0 0 0 1 1 4 0 0 0 1 0 1 1 0 0 0 0 1 0 0 0 0 0 0 0 0 0 0 0 0 0 0 0 0 0 0 0 0 0 1 0 0 0 0 0 0 0 0 0 0 0 0 0 0 0 0 0 0 0 0 0 0 0 0 0 0 0 0 0 0 0 0 0 0 0 0 0 0 0 0 0 0 0 1 0 0 0 3 0 0 0 0 0 1 0 0 0 0 0 0 0 0 0 1 2 2 0 4 2 3 1 0 0 0 0 0 0 0 0 0 0 0 0 0 0 0 1 1 4 8 0 0 2 0 218 1216 624 70 55 274 205 39 0 3 3 2 0 0 1 0 0 0 0 0 543 2922 1988 401 199 1355 1136 317 6 11 23 18 0 0 0 0 0 0 0 0 69 378 374 201 60 438 462 373 4 13 11 20 0 0 0 0 0 0 0 0 3 12 23 20 5 32 47 40 0 6 11 24 0 1 0 0 0 1 0 1 1 0 1 2 0 2 1 1 0 0 0 5 0 0 0 0 0 0 0 0 0 0 1 0 0 0 0 0 0 0 0 1 0 0 0 0 0 0 0 0 423 2339 1524 274 192 1004 838 229 1 10 12 13 0 0 0 0 0 0 0 0 1191 6467 4752 1499 976 5109 4757 2369 52 259 273 285 0 0 1 1 0 0 0 0 140 889 894 576 280 1708 1806 1836 24 142 153 281 0 0 0 0 0 0 0 0 10 50 47 63 22 151 140 243 21 132 132 339 0 1 0 0 0 1 0 0 0 6 2 9 1 2 4 13 1 13 17 51 0 0 0 0 0 0 1 0 0 0 0 1 0 2 1 0 0 1 1 0 0 0 0 0 0 1 0 0 21 128 143 67 43 202 251 197 0 10 7 10 0 0 0 0 0 0 0 0 60 404 363 251 177 927 925 964 10 79 91 163 0 0 0 0 0 0 0 0 6 35 51 48 23 125 156 230 15 59 87 166 0 1 0 4 0 0 0 0 1 5 11 27 1 10 14 34 9 40 65 176 0 0 0 0 0 0 0 0 1 1 2 4 0 0 0 1 1 8 11 23 0 1 0 1 0 0 0 1 0 0 0 0 0 0 0 0 0 0 0 1 0 0 0 0 0 0 0 0 2 8 9 9 8 6 23 22 0 3 3 13 0 1 0 0 0 0 0 0 2 17 10 14 14 64 91 128 11 45 65 183 0 0 0 0 0 0 0 0 0 3 6 6 0 7 8 22 5 37 46 144 0 0 0 0 0 0 0 0 1 0 1 3 0 1 1 4 1 7 15 53 0 3 5 5 1 1 1 2 0 0 0 2 0 0 0 1 0 3 7 18 1 0 3 4 1 2 0 1 0 0 0 0 0 0 0 0 1 0 0 1 0 0 0 1 0 1 0 1 0 1 1 1 0 0 1 0 0 1 1 1 0 1 0 1 0 1 0 0 1 0 0 2 1 3 2 6 0 2 13 23 0 0 1 0 0 0 0 0 0 1 0 0 0 0 1 3 2 6 9 39 0 2 0 0 0 0 0 1 0 0 0 0 0 3 0 0 1 4 8 6 0 4 4 4 0 0 0 0 0 1 0 0 0 0 1 0 2 8 4 6 1 8 13 20 5 5 1 12 0 0 0 0 0 0 0 0 0 0 2 1 0 4 2 4 0 0 0 1 0 1 0 1 0 1 0 0 0 0 0 1 0 0 0 1 0 0 0 0 0 1 0 1 0 0 0 1 0 1 1 0 0 0 0 0 0 0 0 0 0 0 0 1 0 0 0 0 0 0 0 2 0 0 0 2 0 0 0 0 0 0 0 0 0 0 0 0 0 0 0 3 0 1 2 0 1 1 0 3 0 0 0 0 0 0 0 0 0 1 0 3 1 0 1 6 1 1 0 0 0 0 0 0 0 0 0 0 0 0 1 1 0 1 0 7 0 2 0 1 189 1203 671 63 70 332 228 36 0 1 3 2 0 0 1 0 0 0 0 0 581 3231 2025 364 270 1559 1270 375 3 20 25 17 0 0 0 0 0 0 0 0 99 503 454 212 101 602 623 433 3 14 17 27 0 0 0 0 0 0 0 0 3 25 23 28 7 49 40 45 4 9 9 28 0 0 0 0 0 0 0 0 0 3 1 1 0 5 2 6 2 0 1 2 0 0 0 2 0 0 0 0 0 0 0 0 0 0 0 1 0 0 0 1 0 0 0 0 0 0 0 0 407 2195 1464 254 208 1119 893 263 7 14 20 10 0 0 0 0 0 0 0 0 1293 6830 4740 1454 1123 5942 5375 2708 72 329 346 352 0 0 0 0 0 0 0 0 217 1248 1160 673 381 2101 2226 2151 35 207 231 405 0 0 2 0 0 0 0 0 4 49 62 69 38 214 217 314 28 151 182 410 0 1 0 5 0 0 0 0 0 7 3 9 1 7 2 10 4 12 22 53 0 1 0 0 0 0 0 0 0 1 0 1 0 2 0 0 0 0 0 0 0 0 0 0 0 0 0 0 34 128 124 62 66 333 330 184 5 7 17 14 0 0 0 0 0 0 0 0 67 414 413 250 224 1399 1417 1233 33 120 129 232 0 1 1 2 0 0 0 0 5 28 55 55 25 190 191 289 6 78 135 243 1 2 1 3 0 0 0 0 1 6 12 18 4 12 18 45 12 74 78 224 0 0 4 7 0 0 0 1 0 1 1 1 0 2 0 4 3 13 17 47 0 1 1 0 0 0 0 0 0 0 0 0 0 0 0 0 0 0 1 1 0 0 0 0 0 0 0 0 1 5 5 5 4 25 23 28 1 3 4 19 0 0 0 1 0 0 0 0 0 18 14 19 15 97 99 147 13 85 83 218 0 1 0 1 0 0 0 0 0 0 1 2 3 10 13 24 9 57 60 155 0 2 2 3 0 0 0 1 0 1 0 3 1 6 0 6 0 19 26 76 0 9 12 9 1 0 0 4 0 0 1 0 0 0 0 2 0 7 5 20 1 2 3 12 0 2 1 2 0 0 0 0 0 0 0 0 0 0 0 4 0 0 0 0 0 0 1 0 0 2 0 2 0 2 1 2 0 0 0 2 0 0 2 0 0 0 0 1 0 2 3 0 0 1 7 6 0 11 11 30 0 0 1 0 0 0 0 0 0 0 0 2 0 0 0 1 0 9 17 48 0 0 0 0 0 0 0 0 0 0 0 2 0 0 0 0 1 10 3 17 0 6 7 12 0 2 0 4 0 0 0 0 0 0 0 1 1 4 9 3 1 9 13 16 7 7 2 11 0 0 0 0 0 0 0 0 0 0 0 1 1 2 2 6 0 0 0 2 0 1 0 0 0 0 0 2 0 0 0 0 0 0 0 0 0 0 0 0 0 2 0 0 0 0 1 0 0 0 2 0 0 0 0 0 0 0 0 0 0 0 0 1 0 0 0 0 0 0 1 3 0 0 0 1 1 0 0 0 0 0 0 0 0 0 0 0 0 0 0 1 1 0 2 1 0 0 0 0 0 0 0 0 0 0 0 0 0 1 0 1 0 2 3 6 0 1 1 3 0 0 0 0 0 0 0 0 0 0 0 0 1 5 4 3 0 0 0 4 175 879 490 64 62 287 179 37 0 3 3 1 0 0 0 0 0 0 0 0 504 2485 1587 287 251 1208 953 267 3 10 29 16 0 0 0 0 0 0 0 0 98 469 419 188 87 515 457 360 2 16 14 20 0 0 0 0 0 0 0 0 2 11 18 17 7 45 39 50 1 7 11 26 0 0 0 0 0 0 0 0 0 2 0 2 1 4 3 2 0 0 0 6 0 0 0 0 0 0 0 1 0 0 0 0 0 1 0 1 0 0 0 0 0 0 0 0 0 0 0 0 344 1673 1058 203 170 895 766 197 3 9 30 8 0 0 0 0 0 0 0 0 900 4601 3410 1100 812 4004 3460 1625 55 215 225 249 0 0 0 0 0 0 0 0 197 955 838 461 281 1495 1421 1333 22 139 156 248 0 2 1 2 0 0 0 0 7 44 39 49 24 132 146 182 23 131 162 328 1 0 2 6 0 0 0 0 0 4 4 7 2 7 3 9 1 14 19 39 0 2 0 3 0 0 0 0 0 1 0 1 0 0 0 0 0 0 0 1 0 0 0 0 0 0 0 0 24 111 99 49 50 215 222 145 1 12 12 10 0 0 0 0 0 0 0 0 49 281 253 148 152 858 846 788 17 85 94 154 0 2 0 0 0 0 0 0 3 26 32 38 15 121 127 201 7 54 87 134 1 3 3 10 0 0 0 0 0 6 11 16 2 9 13 26 5 43 67 151 0 2 5 10 0 0 0 0 0 0 2 1 0 1 0 2 2 11 10 25 0 1 1 10 0 0 0 0 0 0 0 0 0 0 0 0 0 0 0 0 0 0 0 0 0 0 0 0 0 5 3 6 4 12 11 22 0 4 6 18 0 0 0 1 0 0 0 0 2 11 8 12 15 66 77 106 9 74 76 167 0 0 0 2 0 0 0 0 0 1 1 5 3 10 10 31 7 50 38 120 1 1 1 2 0 0 0 0 0 0 0 3 0 3 2 13 2 10 13 55 2 7 5 7 1 1 0 0 0 0 0 0 0 1 0 4 0 7 9 20 0 7 1 7 3 0 0 5 0 0 0 0 0 0 0 0 0 0 0 2 0 0 0 0 0 0 0 1 0 0 1 1 0 1 1 0 0 0 1 4 0 0 0 1 0 0 1 0 0 0 0 3 0 2 2 3 1 9 9 33 0 1 0 1 0 1 0 0 0 0 0 1 0 1 1 4 1 6 10 25 0 0 0 0 0 0 0 0 0 0 0 0 0 0 0 1 0 5 4 15 1 1 2 9 3 1 0 1 0 0 0 0 0 0 0 1 1 5 5 5 2 8 12 18 2 10 4 7 0 0 0 0 0 0 0 0 0 0 0 1 0 1 0 4 0 0 1 1 0 0 0 0 0 0 0 1 0 0 0 0 0 0 0 0 0 0 0 0 0 1 1 0 0 0 0 1 0 1 0 0 0 0 0 0 0 0 0 0 0 0 0 0 0 0 0 0 0 0 0 2 0 0 0 0 0 0 0 0 0 0 0 0 0 0 0 0 0 3 0 4 0 1 2 4 1 3 0 1 0 0 0 0 0 0 0 0 1 0 1 1 0 3 1 3 1 0 3 0 0 0 0 0 0 0 0 0 1 0 1 1 0 1 3 7 1 0 0 1 83 730 635 119 25 294 268 79 0 5 10 5 0 0 0 0 0 0 0 0 232 1883 1464 554 122 1038 883 487 1 11 27 16 0 1 0 0 0 0 0 0 35 385 285 254 56 425 401 507 1 18 27 50 0 0 0 0 0 0 0 0 3 17 14 19 2 49 36 58 1 13 20 103 0 0 0 2 0 0 0 2 0 1 2 5 0 1 0 5 0 0 3 16 0 0 0 0 0 0 0 0 0 1 0 0 0 1 0 0 0 1 0 0 0 0 0 0 0 0 0 0 132 1350 1404 645 100 879 1024 605 4 15 27 24 0 0 0 0 0 0 0 0 398 3163 3178 2222 347 2894 3179 3030 17 106 215 294 0 0 0 1 0 0 0 0 77 736 634 734 98 1227 1129 1865 11 120 178 485 0 1 2 1 0 0 0 0 5 37 41 52 21 102 118 215 13 99 168 579 0 4 2 9 0 0 0 0 0 2 5 7 0 7 5 9 0 9 21 70 0 1 1 8 0 0 1 0 0 0 2 0 0 1 0 1 0 0 0 2 0 0 0 0 0 0 0 1 13 74 105 151 15 184 283 475 2 11 12 34 0 0 0 0 0 0 0 0 23 221 272 340 72 682 958 2175 10 67 132 451 0 0 1 2 0 0 0 0 1 21 28 69 9 140 155 483 5 44 99 331 0 4 3 13 0 0 0 0 0 6 16 48 0 15 10 55 2 39 65 312 0 7 9 35 0 0 0 0 0 1 0 0 0 0 0 3 2 6 11 64 0 6 7 15 0 0 0 1 0 0 0 0 0 0 0 0 0 1 0 7 0 0 0 2 0 0 0 0 0 7 4 11 3 13 27 54 0 2 6 38 0 0 0 2 0 0 0 0 1 2 10 23 7 45 84 283 4 32 91 512 0 1 0 1 0 0 0 0 0 0 0 6 0 13 15 65 3 34 64 329 0 4 6 5 1 0 0 0 0 0 2 2 0 7 7 18 1 10 27 170 0 6 8 16 2 3 3 3 0 0 0 0 0 0 1 1 2 1 9 41 3 6 5 13 2 3 2 8 0 0 0 0 0 0 0 1 0 0 0 4 0 1 0 0 1 1 4 3 0 2 0 1 0 1 0 0 0 0 0 6 0 0 0 1 0 0 0 0 0 0 5 2 0 6 2 9 1 2 5 61 0 1 0 2 0 0 0 0 0 0 0 1 0 0 1 5 3 10 6 66 0 0 3 9 0 1 0 1 0 1 1 0 0 1 3 0 0 5 9 36 2 7 6 14 6 10 4 9 0 0 1 0 0 0 0 0 0 7 2 15 3 10 9 17 10 21 6 16 0 0 0 0 0 0 1 0 0 1 0 3 1 2 1 2 3 3 0 4 0 0 0 1 0 0 0 1 0 0 0 0 0 0 0 0 0 0 0 0 0 1 0 1 0 0 0 4 0 0 1 2 0 0 0 0 0 0 0 0 0 0 0 0 0 0 0 0 0 0 0 3 0 0 0 1 0 0 0 0 0 0 0 0 0 0 0 0 0 0 1 2 0 0 1 6 1 6 4 3 0 0 0 0 1 1 0 1 0 0 1 2 0 2 1 9 0 7 0 5 0 0 0 0 0 0 0 0 0 0 1 1 0 2 3 2 0 1 0 2 1 4 0 0 0 1 1 0 0 0 0 0 0 0 0 0 0 0 0 0 0 18 6 9 0 8 4 2 0 0 1 0 0 0 0 0 0 0 0 0 1 4 4 3 1 6 6 2 0 1 2 1 0 0 0 1 0 0 0 0 0 0 0 2 0 1 1 2 0 2 1 3 0 0 1 2 0 0 0 2 0 0 0 0 0 0 0 0 0 0 0 1 0 0 0 0 0 0 0 2 0 0 0 0 0 0 0 0 0 0 0 0 0 0 0 0 0 0 0 0 0 4 4 0 3 8 1 1 0 0 0 0 0 0 1 0 0 0 0 0 0 15 12 7 5 24 9 6 0 1 2 0 0 1 1 0 0 0 0 0 0 3 6 12 2 30 23 19 0 10 8 7 0 1 0 2 0 0 0 0 1 0 1 2 1 6 6 8 1 14 7 19 0 0 3 7 0 0 0 1 0 0 0 0 0 0 1 1 1 0 4 4 0 2 3 6 0 0 0 3 0 0 0 0 0 0 0 0 0 0 1 0 0 0 0 2 0 0 0 0 0 0 0 0 0 7 3 1 0 1 0 0 0 0 0 0 0 0 0 0 0 2 0 1 3 25 13 10 0 6 6 8 0 1 1 1 0 0 0 0 1 0 1 0 0 10 11 18 0 4 7 11 1 5 14 19 0 1 0 0 0 0 1 0 0 2 1 1 1 5 3 11 5 6 12 29 0 1 1 3 0 0 0 0 0 0 0 1 0 1 1 2 4 7 11 28 0 0 1 4 0 0 0 0 0 0 0 0 0 1 0 0 0 0 2 2 1 3 0 2 0 0 0 0 0 1 1 1 0 1 0 0 0 0 0 1 0 0 1 0 0 0 0 0 0 0 3 2 0 2 2 1 0 2 1 5 0 0 0 0 0 0 0 0 2 0 0 2 0 2 6 7 2 9 5 17 0 1 1 2 0 0 0 0 0 0 0 3 1 0 0 7 2 10 9 30 6 11 15 35 0 0 0 0 0 1 0 0 0 2 1 0 1 2 14 42 9 29 28 164 0 0 0 0 0 0 0 0 0 0 0 0 0 4 2 2 4 22 28 114 0 0 0 0 0 0 0 0 0 0 0 0 0 0 0 2 0 0 0 0 0 0 0 0 0 0 0 0 0 0 1 1 0 1 0 5 0 0 0 1 0 0 0 0 0 0 0 0 0 1 0 4 3 7 3 22 2 5 0 3 0 0 0 0 0 0 0 0 0 3 0 1 1 8 15 35 21 96 53 216 0 0 0 0 0 0 0 0 0 0 0 1 3 11 22 47 73 226 118 602 0 0 0 0 0 0 0 0 0 1 0 0 0 3 3 14 1 21 20 100 0 0 0 0 0 0 0 0 0 0 0 0 0 0 0 0 0 0 0 0 0 0 0 0 0 0 0 0 0 0 0 0 0 0 0 1 0 0 0 1 0 0 0 0 0 0 0 0 0 0 0 0 0 2 1 1 1 0 2 8 0 0 0 0 0 0 0 0 0 0 0 0 0 1 0 10 18 62 45 162 0 0 0 0 0 0 0 0 0 0 0 0 1 4 4 17 14 34 26 121 0 0 0 0 0 0 0 0 0 0 0 0 0 2 6 7 3 0 3 11 1 14 0 0 1 10 3 1 0 1 3 1 0 0 0 0 0 0 0 0 4 14 3 6 13 38 10 10 0 4 3 0 0 0 1 0 0 0 0 0 0 5 2 4 8 28 25 25 0 1 7 1 0 0 0 0 0 0 0 0 1 1 2 2 0 4 6 11 1 0 3 6 0 0 0 0 0 0 0 0 0 0 1 2 0 0 1 0 0 1 1 3 0 0 0 1 0 0 0 0 0 0 0 0 0 0 0 0 0 0 0 0 0 0 0 0 0 0 0 0 2 3 1 1 1 15 3 3 0 3 2 0 0 0 0 0 0 0 1 0 2 12 6 3 17 79 44 28 7 11 13 9 0 0 0 0 0 0 0 0 2 8 4 3 8 70 34 55 3 18 22 31 0 0 0 0 0 0 0 0 0 3 1 1 5 20 13 36 5 31 52 76 0 0 3 2 0 0 0 0 0 2 0 0 0 3 1 5 0 7 15 35 0 2 1 6 0 0 1 0 0 0 0 0 0 1 1 0 0 0 0 1 0 0 0 1 0 0 1 0 0 0 0 0 4 14 14 7 1 7 4 9 0 0 0 0 0 0 0 0 0 2 0 1 9 85 66 83 3 27 43 63 0 0 0 0 0 0 0 0 0 0 1 0 15 86 82 291 21 174 246 555 2 1 0 8 0 0 2 1 0 0 0 1 0 25 15 89 2 65 103 396 1 4 5 12 0 0 2 4 0 0 0 1 1 1 1 4 1 12 13 32 1 5 9 35 0 3 4 5 0 0 0 0 0 0 1 0 0 0 1 1 0 0 0 8 0 0 0 8 0 1 0 0 0 1 2 2 0 1 4 7 0 1 0 0 0 0 0 0 0 1 0 0 0 10 8 11 5 15 16 30 0 0 1 3 0 0 0 0 0 0 0 0 0 12 4 21 4 19 33 119 0 8 2 29 1 1 0 1 0 0 0 1 0 3 3 2 3 19 23 89 4 5 12 44 17 19 13 38 0 0 0 0 0 0 0 0 1 7 7 18 2 11 20 52 4 8 19 104 0 0 0 0 0 0 0 0 0 1 0 0 0 1 4 15 4 5 8 61 0 0 0 0 0 0 0 0 0 0 0 1 0 1 1 1 0 0 0 1 0 0 1 0 0 1 1 1 1 1 1 5 0 0 0 4 0 0 0 0 0 0 0 0 0 1 0 2 0 3 3 8 0 5 2 20 0 1 0 2 0 0 0 0 0 0 0 2 0 4 7 12 3 6 5 37 6 13 12 73 0 0 0 0 0 0 1 1 1 3 4 7 3 9 19 61 21 35 45 222 0 0 0 0 0 0 0 0 0 0 0 1 2 0 5 12 2 5 11 45 0 0 0 0 0 0 0 0 0 0 0 0 0 0 0 0 0 0 0 0 0 0 0 0 0 0 0 1 0 0 0 1 0 0 0 1 0 0 0 0 0 0 0 0 0 0 0 0 0 0 0 0 0 0 0 0 0 0 1 1 0 0 0 0 0 0 0 1 0 0 0 1 0 1 0 6 0 2 1 25 0 0 0 0 0 0 0 0 0 1 0 0 0 0 5 6 0 4 1 31 0 0 0 0 0 0 0 0 0 0 0 0 1 3 8 4 1 4 5 20 0 0 0 0 0 0 0 0 0 0 0 1 0 0 0 0 0 0 0 0 1 0 0 0 0 0 0 0 0 1 0 1 0 0 0 0 0 0 0 0 0 0 0 0 0 0 0 0 0 0 0 0 0 0 0 1 0 0 0 0 2 0 0 0 0 1 1 0 0 0 0 0 0 0 0 0 3 0 0 0 0 0 0 0 0 0 0 0 0 0 0 0 0 0 0 0 0 0 0 1 0 4 1 0 0 0 0 1 1 0 2 0 1 2 1 1 1 1 0 0 2 0 0 0 0 0 2 1 0 0 0 0 0 0 0 0 0 1 0 1 0 0 0 0 0 0 0 0 0 0 1 3 2 2 0 0 1 1 0 0 2 0 0 1 1 0 0 5 0 0 0 0 0 0 0 0 0 2 0 0 1 0 0 0 0 0 0 0 0 0 1 0 0 0 0 0 0 0 0 0 10 8 12 4 4 13 9 19 0 0 5 8 5 8 10 8 16 62 0 2 7 3 3 1 5 5 11 33 0 1 1 0 0 0 0 3 0 3 3 0 0 0 0 0 0 0 1 3 2 6 1 1 0 1 1 1 1 3 0 0 5 0 4 0 2 2 3 9 0 0 0 1 1 1 1 1 2 3 0 0 0 0 0 0 0 0 0 0 0 1 0 0 0 0 0 0 0 0 0 0 0 0 2 0 0 0 0 0 0 0 0 0 2 0 2 0 2 3 0 0 2 0 0 1 0 0 0 6 0 0 0 0 1 0 0 0 0 0 0 0 0 0 0 0 0 0 0 0 0 2 0 0 0 0 0 1 0 0 0 0 0 0 0 0 0 0 0 1 0 0 0 0 0 1 0 0 1 2 0 0 0 0 0 0 0 0 0 0 0 0 0 0 0 0 0 0 0 0 0 0 1 0 0 0 0 0 0 0 0 0 0 0 1 0 0 0 0 0 0 0 0 0 0 0 0 0 0 0 0 0 0 0 0 0 0 0 0 0 0 0 0 0 0 0 0 0 0 1 0 0 0 0 0 0 0 0 0 0 0 0 0 0 0 0 0 0 1 0 0 0 0 0 1 0 0 0 1 0 0 0 0 1 0 0 0 1 0 0 0 0 0 0 0 0 0 0 0 0 0 0 1 1 1 0 0 0 1 0 0 0 0 0 0 0 0 1 1 0 0 0 0 2 0 0 0 1 0 0 0 0 1 0 0 1 0 0 1 1 0 0 0 0 0 0 0 0 0 0 0 0 4 1 2 0 1 0 0 0 0 0 5 0 1 2 1 0 3 5 0 0 1 0 0 1 0 2 4 3 0 1 1 0 0 0 0 1 0 0 0 0 0 0 0 0 0 0 0 0 0 0 2 2 1 1 1 1 0 5 0 0 2 1 3 5 3 3 0 11 0 0 3 0 0 1 3 2 3 9 0 2 0 0 0 0 0 0 0 0 1 0 0 0 0 0 0 0 0 0 0 0 20 12 22 20 17 12 13 41 0 0 26 23 25 24 31 30 45 177 2 2 11 10 18 19 13 27 42 185 0 3 0 0 1 0 1 1 2 1 7 0 0 0 0 0 1 1 0 0 20 0 4 3 2 4 6 3 1 8 0 0 2 7 6 7 7 9 10 44 0 0 3 4 5 2 2 2 7 26 0 0 0 0 1 0 0 2 0 1 1 0 0 0 1 0 0 0 0 0 0 0 0 0 0 2 0 0 0 2 0 0 2 1 1 1 3 1 4 9 0 0 2 0 3 1 2 2 4 28 0 0 0 0 0 0 0 0 0 0 0 0 1 0 0 0 0 0 0 0 0 0 0 0 0 0 0 0 0 1 0 0 0 0 0 0 0 0 0 1 0 0 0 1 1 0 0 0 3 8 0 0 0 0 0 0 0 0 0 0 0 0 0 0 0 0 0 0 0 0 0 0 0 0 0 0 0 0 0 0 0 0 0 0 0 0 0 0 1 1 0 0 0 0 0 2 0 1 2 2 0 0 0 0 0 0 0 0 0 0 0 0 0 0 0 0 0 0 0 0 0 0 2 0 0 4 1 0 1 0 0 0 2 0 0 1 0 0 0 1 0 1 0 0 0 0 1 0 0 0 0 1 0 0 0 0 1 0 0 0 1 1 0 0 0 0 0 0 0 0 1 0 1 0 0 1 2 0 1 1 0 1 3 0 3 2 0 5 0 3 0 0 2 1 0 1 0 0 1 2 1 0 0 0 0 0 0 1 0 0 0 1 0 0 0 0 0 0 0 0 0 0 17 9 10 12 12 12 9 11 0 0 11 9 13 14 13 16 10 34 0 4 2 3 4 2 2 6 2 10 0 0 2 0 0 1 0 1 0 0 0 1 0 0 0 0 0 0 0 0 0 2 50 21 32 26 24 14 22 29 0 0 22 13 16 24 18 39 39 88 0 0 0 5 1 3 2 5 4 23 0 2 1 3 0 0 0 0 1 0 1 1 0 0 0 0 0 0 0 0 0 1 246 232 217 206 212 226 229 468 0 3 148 152 187 202 308 346 361 1585 0 9 43 43 47 35 75 95 82 524 1 2 4 1 1 1 2 1 2 5 11 1 1 0 2 1 2 3 1 3 90 3 52 50 40 37 42 57 37 144 0 0 47 31 40 33 41 54 47 289 2 1 5 7 5 13 15 12 13 85 0 0 0 0 0 0 0 0 0 1 1 0 0 0 0 0 0 0 0 0 5 1 4 9 5 7 12 8 5 22 0 0 10 11 7 8 9 13 12 92 0 0 3 6 9 5 8 7 20 75 0 0 0 2 0 0 1 0 0 0 1 0 0 0 1 0 0 0 0 0 2 0 0 3 0 0 2 0 1 3 0 0 1 4 2 2 0 4 9 11 0 0 1 1 0 0 2 0 9 25 0 0 0 0 0 0 0 0 1 1 2 0 0 0 0 0 0 0 0 0 0 0 0 0 1 0 1 1 0 0 0 0 3 3 3 0 1 2 4 6 0 0 2 0 0 0 2 2 9 6 0 0 0 0 0 0 0 0 0 0 0 0 0 0 1 0 0 0 0 1 0 0 4 0 0 3 4 1 3 4 0 2 1 0 1 1 0 0 1 2 1 1 2 0 1 0 0 0 1 3 1 2 0 0 0 0 0 0 0 0 0 1 0 0 0 0 0 0 0 0 0 0 2 5 1 4 7 5 5 2 0 0 1 4 2 5 6 3 6 2 0 5 0 1 0 1 1 0 1 3 0 7 0 1 0 0 0 0 0 1 1 2 0 0 0 0 0 0 0 0 0 1 37 31 26 25 34 45 34 34 0 0 23 23 20 25 37 39 47 66 0 4 2 7 5 6 3 9 9 16 0 5 0 2 1 0 1 0 0 0 2 5 0 0 0 1 0 0 0 1 1 2 168 143 109 116 122 120 104 125 1 0 45 63 53 69 87 91 92 154 2 5 7 2 7 4 7 6 12 30 0 4 1 2 0 2 1 0 0 0 1 2 0 0 0 0 0 0 0 0 2 1 1433 1317 1340 1473 1621 1701 1525 2299 1 3 476 539 595 750 1100 1253 1196 2980 4 7 50 44 44 73 103 114 115 400 2 3 2 4 8 5 2 4 3 7 14 3 3 3 2 1 1 1 2 2 76 2 252 262 266 292 264 286 305 907 2 0 87 100 83 90 132 107 142 671 2 1 7 5 5 8 12 10 9 71 0 0 0 0 0 1 0 1 0 0 1 0 0 0 1 0 0 1 0 0 2 0 23 19 24 28 43 31 34 159 2 0 13 9 20 18 23 25 33 195 2 0 3 7 4 5 2 16 13 68 0 2 0 0 0 0 0 0 1 0 0 0 0 0 0 0 0 0 0 0 1 0 0 2 1 0 3 3 3 12 0 0 3 4 5 7 4 3 8 30 0 0 0 2 4 3 0 3 3 22 0 0 0 0 0 0 0 0 0 1 1 0 0 0 0 0 0 0 0 0 0 0 2 1 0 0 4 1 1 4 0 0 2 0 1 2 0 1 5 5 0 0 1 0 0 0 0 0 2 7 0 0 0 0 0 0 0 0 0 0 0 0 0 0 0 0 0 0 0 0 0 1 10 15 21 9 11 13 10 10 7 13 9 8 10 13 20 22 24 30 6 82 6 2 2 7 9 12 15 9 8 80 1 0 0 1 1 0 1 1 3 44 1 1 1 2 1 0 0 1 0 40 19 24 23 24 34 52 62 51 7 2 17 22 28 41 73 101 106 120 14 58 12 10 17 14 37 49 61 87 20 111 1 0 1 1 0 1 4 6 3 52 0 0 0 0 0 0 0 0 1 71 215 233 248 301 484 738 780 585 4 17 162 198 236 361 841 1425 1441 1092 25 96 35 32 50 74 246 377 384 352 27 113 2 0 1 2 4 13 14 13 19 84 1 1 1 1 0 2 0 1 1 150 1306 1204 1213 1382 1847 2286 2120 1554 5 9 487 568 660 1031 1806 2547 2187 1621 11 66 38 49 58 118 275 413 328 293 8 38 3 3 4 2 6 15 11 18 23 21 1 3 1 1 2 4 5 7 44 35 14596 11663 11658 15512 22981 23578 15530 10950 15 32 4257 3981 4676 9635 22696 26341 14873 10880 35 140 300 267 399 957 2658 3556 1876 1682 9 60 96 85 49 57 62 105 113 148 384 30 27 11 14 22 33 37 35 123 2067 151 1274 1137 1147 1367 1737 1712 1602 3216 36 9 593 517 603 777 1052 1129 1171 2877 14 16 45 48 60 66 75 89 98 305 3 5 8 9 7 5 6 7 4 12 11 4 2 2 3 2 3 1 5 3 91 6 95 103 97 131 167 197 208 776 27 7 135 118 147 160 219 228 280 1197 16 10 32 35 43 50 69 58 98 547 2 8 4 6 0 4 5 4 6 36 15 5 2 0 1 0 4 0 0 2 48 5 9 4 8 13 16 11 10 28 0 2 28 29 32 47 48 71 80 414 0 4 13 15 18 26 21 29 36 287 0 3 4 5 2 0 1 3 5 17 6 3 0 0 0 0 0 0 0 0 6 1 3 6 2 8 5 6 3 7 0 0 13 10 11 13 14 19 22 94 1 2 9 5 7 8 6 13 17 70 0 1 2 1 0 0 0 0 1 3 1 1 1 2 0 0 0 0 0 0 1 4 1 1 3 2 0 3 2 2 2 3 2 3 1 0 2 5 2 4 2 17 1 0 0 1 1 1 0 1 3 9 0 0 0 0 0 0 0 0 0 5 0 0 0 0 0 0 0 0 0 6 5 4 7 1 5 4 6 1 1 2 7 5 4 6 9 8 19 15 9 31 0 2 2 3 4 0 9 3 9 41 0 0 0 0 1 0 0 0 0 6 0 0 0 0 0 0 0 0 0 13 49 52 53 62 92 102 109 77 4 8 40 47 52 58 106 141 199 163 20 83 12 5 7 10 17 27 38 38 16 52 1 0 0 0 0 1 0 4 0 11 0 0 0 0 0 0 0 1 0 18 250 241 254 244 230 282 267 172 4 5 91 105 99 133 205 259 316 252 8 48 8 5 9 12 18 21 26 41 3 25 0 0 0 0 0 1 0 2 0 3 0 0 0 1 0 0 0 0 3 7 1288 1193 1107 1312 1584 1709 1431 934 2 4 600 644 696 931 1519 1946 1615 1169 10 151 48 48 61 103 201 217 208 192 10 122 23 17 14 15 13 13 15 12 31 24 4 3 2 3 1 3 2 2 52 45 107 85 117 97 93 124 113 121 2 0 75 67 79 79 96 110 136 185 0 4 13 13 14 10 21 15 14 22 0 6 4 4 1 1 0 1 1 2 4 0 0 0 0 0 0 0 1 0 8 0 14 27 26 28 30 28 13 67 0 0 14 11 19 26 32 34 58 145 1 2 10 7 6 7 6 7 16 54 0 1 2 3 0 0 0 0 0 5 1 1 0 0 1 0 0 0 0 1 1 1 3 1 1 0 0 1 1 6 0 0 1 2 5 4 7 4 12 54 0 0 1 0 0 3 3 8 2 26 0 0 0 0 0 0 1 1 0 0 1 1 0 0 0 0 0 0 0 0 1 0 0 1 0 0 0 1 0 1 0 0 4 1 1 2 0 1 6 15 0 0 1 0 0 0 0 0 1 5 0 0 0 0 0 0 0 0 0 0 0 0 0 0 0 0 0 0 0 0 0 0 0 1 1 1 0 0 0 0 0 0 0 1 2 1 0 2 0 1 0 7 0 1 0 1 1 0 0 0 1 13 0 0 0 0 0 0 0 0 0 7 0 0 0 0 0 0 0 0 0 8 0 1 1 0 1 0 0 0 0 1 1 1 5 1 3 0 3 1 3 13 1 2 2 3 2 1 4 8 4 31 0 0 1 0 0 0 0 0 0 8 0 0 0 1 0 0 0 0 0 28 6 9 5 8 7 3 5 10 0 2 3 6 11 12 14 11 22 21 13 106 8 9 7 7 6 12 13 14 14 125 0 1 0 0 0 0 0 0 2 19 0 0 0 0 0 0 0 0 0 25 14 18 19 14 18 14 21 20 1 0 22 22 28 28 28 52 45 42 10 66 7 8 4 6 12 8 18 13 4 100 0 0 0 1 3 0 1 0 2 8 0 0 0 0 0 0 1 0 0 14 87 87 84 98 132 150 125 82 0 1 133 150 158 258 578 916 809 552 29 227 39 45 46 76 162 214 248 174 11 669 7 9 5 5 7 7 2 14 18 62 3 0 1 4 2 1 1 5 23 129 11 12 12 10 16 13 15 11 0 0 15 13 20 12 20 15 31 37 0 3 5 4 8 8 7 8 10 17 3 6 2 0 1 1 0 1 1 1 5 2 0 0 0 1 0 1 0 0 6 6 1 2 2 0 4 2 2 6 0 0 7 5 15 5 7 4 6 22 0 1 4 14 11 8 16 11 10 33 1 3 3 6 4 3 1 4 0 4 6 2 1 0 0 0 1 0 0 1 0 0 0 0 0 0 0 0 0 0 0 0 4 2 0 0 1 2 4 16 0 3 1 3 4 2 2 5 1 16 0 4 0 0 0 2 0 0 1 2 1 1 0 0 0 0 0 1 0 1 0 0 0 0 0 0 0 0 0 1 0 0 1 1 0 0 2 3 0 4 1 0 1 0 0 2 2 1 1 7 0 0 0 2 1 0 1 0 0 0 1 1 0 0 0 0 0 0 0 0 0 0 0 0 0 0 0 0 0 0 0 0 0 0 0 0 0 0 0 0 0 1 0 0 0 0 0 0 0 0 1 5 0 0 0 0 0 0 0 0 0 1 0 0 0 0 0 0 0 0 0 2 0 0 0 0 1 0 0 0 0 0 0 1 2 1 0 0 0 0 1 3 0 0 0 0 2 0 0 2 0 14 0 0 0 0 0 0 0 0 0 6 0 0 0 0 0 0 0 0 0 7 2 1 2 3 0 0 2 0 0 0 0 1 0 1 2 1 3 3 3 43 2 1 3 2 4 4 3 6 3 98 0 0 0 0 0 0 0 0 0 8 0 0 0 1 0 0 0 0 0 8 4 7 4 3 6 0 0 3 0 0 6 4 4 8 7 6 4 9 6 28 1 2 2 0 2 2 1 4 2 71 0 1 0 0 1 0 0 0 0 1 0 0 0 0 0 0 0 0 0 5 8 3 6 8 13 10 15 12 0 0 29 36 32 50 124 294 313 278 42 129 12 16 15 19 41 89 92 81 24 479 2 2 3 3 0 4 2 1 5 41 1 0 0 0 1 1 1 2 8 75 0 1 0 0 2 1 2 0 0 0 2 6 1 3 9 5 4 7 2 2 1 2 3 3 0 4 1 6 1 1 0 0 0 0 0 0 0 0 2 3 0 0 0 0 0 0 0 1 1 1 1 0 0 0 0 0 0 1 0 0 1 3 1 3 0 3 4 11 1 2 3 1 3 0 3 4 2 6 0 2 2 2 2 0 1 1 2 2 5 0 0 1 0 0 0 0 0 0 0 1 0 0 0 0 0 0 0 0 0 0 3 1 3 1 1 1 3 5 0 0 0 3 1 0 5 1 2 4 0 1 0 1 1 0 2 0 0 0 0 0 0 0 0 0 0 0 0 0 0 0 0 0 1 0 0 0 0 0 0 0 1 0 1 0 1 0 1 0 0 0 1 1 0 1 3 1 1 2 0 0 0 0 0 0 0 1 0 0 0 1 0 0 0 0 0 0 0 1 0 0 0 0 0 0 0 0 0 1 0 0 0 0 1 0 0 0 0 0 0 0 0 0 0 0 0 0 0 0 0 3 0 0 0 0 0 0 0 0 0 4 0 0 0 0 0 0 0 0 0 0 0 0 0 0 0 0 0 0 0 0 1 0 0 0 0 0 0 0 0 0 0 1 0 1 0 1 0 0 0 11 0 0 0 0 0 0 0 0 0 3 0 0 0 0 0 0 0 0 0 1 0 1 1 0 0 0 1 0 0 0 3 1 0 1 1 0 1 3 0 15 3 0 0 1 1 3 2 3 3 26 0 0 0 0 0 0 0 0 0 8 0 0 0 0 0 1 0 0 0 3 1 2 1 2 2 1 1 2 0 0 1 0 1 1 0 2 5 5 2 18 3 1 1 1 2 0 2 1 1 27 0 0 0 1 1 0 0 0 1 1 1 0 0 0 0 0 0 0 0 1 4 4 2 4 0 2 5 7 0 0 10 11 10 19 40 74 71 84 11 98 6 8 10 7 12 21 34 28 8 238 2 2 2 0 0 0 1 2 2 48 5 1 1 1 1 1 0 1 0 35 0 0 1 0 0 0 1 0 1 0 3 1 3 0 0 1 2 4 0 1 0 0 1 0 2 1 1 1 0 4 0 0 2 0 0 1 0 0 0 2 1 0 0 1 0 0 0 0 0 0 0 0 0 0 0 0 0 0 0 0 0 0 1 2 1 2 1 5 0 2 2 3 1 3 2 2 1 4 0 0 0 0 2 2 0 1 0 0 0 0 0 0 0 0 0 0 0 0 0 0 0 0 0 0 0 0 0 0 0 0 0 1 0 1 2 0 0 4 0 0 2 1 2 1 0 3 2 2 0 0 1 2 0 1 0 0 0 2 1 0 0 1 0 0 0 0 0 0 0 0 0 0 0 0 0 0 0 0 0 0 0 0 3 0 1 0 3 4 0 0 1 1 1 1 2 1 3 0 0 0 0 0 1 0 0 0 1 1 1 1 0 0 0 0 0 0 0 0 0 0 
# labels_transition
"A", "L", "\chi", "\beta", "C_1", "C_2", "v_1", "v_2", "\dot v_1", "\dot v_2", "\dot h_1(t)", "\dot h_2(t)", "\dot \psi_1(t)", "\dot \psi_2(t)", "hmd", "vmd", "\dot h_1(t+1)", "\dot h_2(t+1)", "\dot \psi_1(t+1)", "\dot \psi_2(t+1)" 
# G_transition
0 0 0 0 0 0 0 0 0 0 0 0 0 0 0 0 0 0 0 0 
0 0 0 0 0 0 0 0 0 0 0 0 0 0 0 0 1 1 1 1 
0 0 0 0 0 0 0 0 0 0 0 0 0 0 0 0 0 0 0 0 
0 0 0 0 0 0 0 0 0 0 0 0 0 0 0 0 0 0 0 0 
0 0 0 0 0 0 0 0 0 0 0 0 0 0 0 0 0 0 0 0 
0 0 0 0 0 0 0 0 0 0 0 0 0 0 0 0 0 0 0 0 
0 0 0 0 0 0 0 0 0 0 0 0 0 0 0 0 0 0 0 0 
0 0 0 0 0 0 0 0 0 0 0 0 0 0 0 0 0 0 0 0 
0 0 0 0 0 0 0 0 0 0 0 0 0 0 0 0 0 0 0 0 
0 0 0 0 0 0 0 0 0 0 0 0 0 0 0 0 0 0 0 0 
0 0 0 0 0 0 0 0 0 0 0 0 0 0 0 0 1 0 0 0 
0 0 0 0 0 0 0 0 0 0 0 0 0 0 0 0 0 1 0 0 
0 0 0 0 0 0 0 0 0 0 0 0 0 0 0 0 0 0 1 0 
0 0 0 0 0 0 0 0 0 0 0 0 0 0 0 0 0 0 0 1 
0 0 0 0 0 0 0 0 0 0 0 0 0 0 0 0 0 0 0 0 
0 0 0 0 0 0 0 0 0 0 0 0 0 0 0 0 0 0 0 0 
0 0 0 0 0 0 0 0 0 0 0 0 0 0 0 0 0 0 1 0 
0 0 0 0 0 0 0 0 0 0 0 0 0 0 0 0 0 0 0 1 
0 0 0 0 0 0 0 0 0 0 0 0 0 0 0 0 0 0 0 0 
0 0 0 0 0 0 0 0 0 0 0 0 0 0 0 0 0 0 0 0 
# r_transition
4 5 2 12 2 2 6 6 5 5 9 9 9 9 4 10 9 9 9 9 
# N_transition
5713 286 0 0 0 0 0 0 0 16664 510 0 0 0 0 0 0 0 12798 413 0 0 0 0 0 0 0 7173 244 0 0 0 0 0 0 0 9621 372 0 0 0 0 0 0 0 179 10329 731 0 0 0 0 0 0 560 25240 1192 0 0 0 0 0 0 396 19567 824 0 0 0 0 0 0 235 4260 262 0 0 0 0 0 0 401 6233 394 0 0 0 0 0 0 0 388 163490 5490 0 0 0 0 0 0 966 238803 7427 0 0 0 0 0 0 595 80312 2282 0 0 0 0 0 0 238 6808 229 0 0 0 0 0 0 391 6632 182 0 0 0 0 0 0 0 3591 791493 14941 0 0 0 0 0 0 3860 633753 13465 0 0 0 0 0 0 1199 103994 2847 0 0 0 0 0 0 165 6347 261 0 0 0 0 0 0 217 5946 690 0 0 0 0 0 0 0 15141 7569989 10629 0 0 0 0 0 0 10428 6243805 8652 0 0 0 0 0 0 1858 916962 1576 0 0 0 0 0 0 199 82086 234 0 0 0 0 0 0 717 149283 236 0 0 0 0 0 0 0 13251 786129 3469 0 0 0 0 0 0 8694 580125 3583 0 0 0 0 0 0 1308 72860 1176 0 0 0 0 0 0 199 6584 170 0 0 0 0 0 0 199 8438 115 0 0 0 0 0 0 0 2813 125371 1067 0 0 0 0 0 0 2783 165940 1961 0 0 0 0 0 0 896 71523 973 0 0 0 0 0 0 158 6906 129 0 0 0 0 0 0 122 3504 57 0 0 0 0 0 0 0 538 13649 391 0 0 0 0 0 0 1100 55126 1125 0 0 0 0 0 0 656 33787 551 0 0 0 0 0 0 100 3195 72 0 0 0 0 0 0 43 457 45 0 0 0 0 0 0 0 217 4886 0 0 0 0 0 0 0 532 24406 0 0 0 0 0 0 0 313 13228 0 0 0 0 0 0 0 44 1494 0 0 0 0 0 0 0 31 890 4033 216 0 0 0 0 0 0 0 11390 322 0 0 0 0 0 0 0 7605 177 0 0 0 0 0 0 0 870 27 0 0 0 0 0 0 0 895 32 0 0 0 0 0 0 0 184 8151 506 0 0 0 0 0 0 532 29159 928 0 0 0 0 0 0 364 24136 519 0 0 0 0 0 0 43 1271 53 0 0 0 0 0 0 60 1211 53 0 0 0 0 0 0 0 507 147674 4295 0 0 0 0 0 0 1260 240913 3549 0 0 0 0 0 0 740 73821 769 0 0 0 0 0 0 71 3106 94 0 0 0 0 0 0 89 5576 152 0 0 0 0 0 0 0 4419 1006307 14597 0 0 0 0 0 0 5183 667537 7746 0 0 0 0 0 0 1407 76331 1025 0 0 0 0 0 0 134 4985 151 0 0 0 0 0 0 158 7724 164 0 0 0 0 0 0 0 21022 7669048 8530 0 0 0 0 0 1 13474 6223885 7649 0 0 0 0 0 0 1969 880981 1360 0 0 0 0 0 0 233 83544 278 0 0 0 0 0 0 281 144181 799 0 0 0 0 0 0 0 12173 576051 2066 0 0 0 0 0 0 11781 562258 3238 0 0 0 0 0 0 2090 90041 1253 0 0 0 0 0 0 434 10878 196 0 0 0 0 0 0 837 7966 274 0 0 0 0 0 0 0 2046 51653 538 0 0 0 0 0 0 5412 163996 1893 0 0 0 0 0 0 2111 78058 1717 0 0 0 0 0 0 321 8424 231 0 0 0 0 0 0 307 8720 407 0 0 0 0 0 0 0 518 5828 245 0 0 0 0 0 0 2538 47821 1322 0 0 0 0 0 0 2209 38573 1712 0 0 0 0 0 0 311 4084 241 0 0 0 0 0 0 397 5500 402 0 0 0 0 0 0 0 232 3332 0 0 0 0 0 0 0 1368 35545 0 0 0 0 0 0 0 1874 52052 0 0 0 0 0 0 0 283 7529 0 0 0 0 0 0 0 354 8677 10 2 0 0 0 0 0 0 0 57 4 0 0 0 0 0 0 0 34 1 0 0 0 0 0 0 0 0 0 0 0 0 0 0 0 0 0 0 0 0 0 0 0 0 0 1 285 16 0 0 0 0 0 0 3 738 35 0 0 0 0 0 0 0 181 6 0 0 0 0 0 0 0 9 0 0 0 0 0 0 0 0 0 0 0 0 0 0 0 0 0 11 1370 26 0 0 0 0 0 0 19 3705 46 0 0 0 0 0 0 9 988 12 0 0 0 0 0 0 1 167 8 0 0 0 0 0 0 0 22 0 0 0 0 0 0 0 0 19 751 31 0 0 0 0 0 0 43 2184 67 0 0 0 0 0 0 23 1442 58 0 0 0 0 0 0 5 698 25 0 0 0 0 0 0 4 733 33 0 0 0 0 0 0 0 21 1289 23 0 0 0 0 0 0 84 5831 73 0 0 0 0 0 0 76 8043 68 0 0 0 0 0 0 35 5835 16 0 0 0 0 0 0 42 8344 54 0 0 0 0 0 0 0 24 650 13 0 0 0 0 0 0 64 1737 46 0 0 0 0 0 0 68 1346 13 0 0 0 0 0 0 23 483 1 0 0 0 0 0 0 42 668 5 0 0 0 0 0 0 0 18 1073 6 0 0 0 0 0 0 30 2006 19 0 0 0 0 0 0 19 615 6 0 0 0 0 0 0 4 80 1 0 0 0 0 0 0 5 70 0 0 0 0 0 0 0 0 19 196 2 0 0 0 0 0 0 10 395 2 0 0 0 0 0 0 5 153 3 0 0 0 0 0 0 1 16 0 0 0 0 0 0 0 0 0 0 0 0 0 0 0 0 0 2 34 0 0 0 0 0 0 0 2 24 0 0 0 0 0 0 0 0 25 0 0 0 0 0 0 0 0 0 0 0 0 0 0 0 0 0 0 78 3 0 0 0 0 0 0 0 104 4 0 0 0 0 0 0 0 51 0 0 0 0 0 0 0 0 0 0 0 0 0 0 0 0 0 0 0 0 0 0 0 0 0 0 1 463 13 0 0 0 0 0 0 3 465 15 0 0 0 0 0 0 3 91 3 0 0 0 0 0 0 0 20 1 0 0 0 0 0 0 0 0 0 0 0 0 0 0 0 0 18 1863 38 0 0 0 0 0 0 13 2745 47 0 0 0 0 0 0 4 494 14 0 0 0 0 0 0 1 198 6 0 0 0 0 0 0 0 32 1 0 0 0 0 0 0 0 24 1350 43 0 0 0 0 0 0 58 3588 139 0 0 0 0 0 0 11 2149 97 0 0 0 0 0 0 6 501 17 0 0 0 0 0 0 3 586 28 0 0 0 0 0 0 0 53 3577 37 0 0 0 0 0 0 115 13491 140 0 0 0 0 0 0 84 14538 104 0 0 0 0 0 0 18 3541 21 0 0 0 0 0 0 36 5675 22 0 0 0 0 0 0 0 40 1571 27 0 0 0 0 0 0 141 3549 45 0 0 0 0 0 0 97 2141 15 0 0 0 0 0 0 29 315 2 0 0 0 0 0 0 24 504 2 0 0 0 0 0 0 0 27 1480 10 0 0 0 0 0 0 33 1606 10 0 0 0 0 0 0 12 597 3 0 0 0 0 0 0 1 58 0 0 0 0 0 0 0 2 73 0 0 0 0 0 0 0 0 10 241 1 0 0 0 0 0 0 10 291 2 0 0 0 0 0 0 4 53 0 0 0 0 0 0 0 0 7 0 0 0 0 0 0 0 0 0 0 0 0 0 0 0 0 0 1 34 0 0 0 0 0 0 0 3 99 0 0 0 0 0 0 0 1 9 0 0 0 0 0 0 0 0 0 0 0 0 0 0 0 0 0 8 531 22 0 0 0 0 0 0 0 386 17 0 0 0 0 0 0 0 30 4 0 0 0 0 0 0 0 0 0 0 0 0 0 0 0 0 10 0 0 0 0 0 0 0 0 24 1653 64 0 0 0 0 0 0 11 1132 45 0 0 0 0 0 0 3 167 8 0 0 0 0 0 0 0 81 4 0 0 0 0 0 0 1 3 0 0 0 0 0 0 0 0 85 15449 359 0 0 0 0 0 0 40 12277 318 0 0 0 0 0 0 11 1743 59 0 0 0 0 0 0 4 325 9 0 0 0 0 0 0 1 72 6 0 0 0 0 0 0 0 375 25958 944 1 0 0 0 0 0 328 31410 1405 2 0 0 0 0 0 57 9090 459 0 0 0 0 0 0 4 769 29 0 0 0 0 0 0 4 820 42 0 0 0 0 0 0 0 965 78900 798 0 0 0 0 0 0 1314 150743 1211 0 0 0 0 0 0 391 58518 376 0 0 0 0 0 0 25 4834 21 0 0 0 0 0 0 27 5383 26 0 0 0 0 0 0 0 1041 24699 308 0 0 0 0 0 0 1417 31022 289 0 0 0 0 0 0 435 8886 58 0 0 0 0 0 0 28 690 6 0 0 0 0 0 0 46 704 7 0 0 0 0 0 0 0 380 13597 46 0 0 0 0 0 0 292 9297 25 0 0 0 0 0 0 51 1786 4 0 0 0 0 0 0 5 322 4 0 0 0 0 0 0 3 70 0 0 0 0 0 0 0 0 55 1304 9 0 0 0 0 0 0 29 635 10 0 0 0 0 0 0 7 167 2 0 0 0 0 0 0 3 72 0 0 0 0 0 0 0 0 10 1 0 0 0 0 0 0 0 16 229 0 0 0 0 0 0 0 12 188 0 0 0 0 0 0 0 1 22 0 0 0 0 0 0 0 0 0 0 0 0 0 0 0 0 0 7 1347 63 0 0 0 0 0 0 0 579 28 0 0 0 0 0 0 0 82 5 0 0 0 0 0 0 0 14 0 0 0 0 0 0 0 0 0 0 0 0 0 0 0 0 0 57 5736 246 0 0 0 0 0 0 22 2041 86 0 0 0 0 0 0 4 300 18 0 0 0 0 0 0 2 121 5 0 0 0 0 0 0 0 0 0 0 0 0 0 0 0 0 245 56457 1544 1 0 0 0 0 0 83 25957 897 0 0 0 0 0 0 14 2797 102 0 0 0 0 0 0 6 464 12 0 0 0 0 0 0 0 103 5 0 0 0 0 0 0 0 1754 134569 5474 1 0 0 0 0 0 964 94758 4275 2 0 0 0 0 0 118 13118 583 0 0 0 0 0 0 7 853 49 0 0 0 0 0 0 1 480 26 0 0 0 0 0 0 0 5730 393204 5629 0 0 0 0 0 0 4301 389737 4139 0 0 0 0 0 0 628 73943 565 0 0 0 0 0 0 24 3834 37 0 0 0 0 0 0 40 5259 28 0 0 0 0 0 0 0 5667 133001 1686 0 0 0 0 0 0 4107 91611 971 0 0 0 0 0 0 578 12393 80 0 0 0 0 0 0 23 675 14 0 0 0 0 0 0 35 679 2 0 0 0 0 0 0 1 1700 53605 189 0 0 0 0 0 0 867 23927 87 0 0 0 0 0 0 81 2454 15 0 0 0 0 0 0 10 485 6 0 0 0 0 0 0 6 118 1 0 0 0 0 0 0 0 198 3482 28 0 0 0 0 0 0 80 1667 25 0 0 0 0 0 0 4 204 3 0 0 0 0 0 0 8 117 2 0 0 0 0 0 0 1 24 1 0 0 0 0 0 0 0 29 481 0 0 0 0 0 0 0 19 378 0 0 0 0 0 0 0 1 44 0 0 0 0 0 0 0 0 7 0 0 0 0 0 0 0 2 34 9922 601 0 0 0 0 0 0 0 5660 290 0 0 0 0 0 0 0 495 29 0 0 0 0 0 0 0 9 1 0 0 0 0 0 0 0 13 1 0 0 0 0 0 0 0 423 56096 2640 0 0 0 0 0 0 246 26025 1350 0 0 0 0 0 0 36 2189 98 0 0 0 0 0 0 1 334 16 0 0 0 0 0 0 0 44 4 0 0 0 0 0 0 0 2196 528873 17149 0 0 0 0 0 0 1187 332057 11924 0 0 0 0 0 0 117 26624 1230 0 0 0 0 0 0 16 5381 129 0 0 0 0 0 0 6 907 42 0 0 0 0 0 0 0 17075 1281121 59208 13 0 0 0 0 0 11241 964994 48455 7 0 0 0 0 0 1197 126410 6534 0 0 0 0 0 0 128 12225 404 0 0 0 0 0 0 44 10784 607 0 0 0 0 0 0 0 59540 3555501 59081 1 0 0 0 0 0 47543 3393532 48193 1 0 0 0 0 0 6476 584980 6353 0 0 0 0 0 0 401 52154 376 0 0 0 0 0 0 606 123766 587 0 0 0 0 0 0 7 60645 1305522 16389 0 0 0 0 0 9 48794 971417 11260 0 0 0 0 0 0 6447 122583 1090 0 0 0 0 0 0 365 7807 66 0 0 0 0 0 0 628 10747 55 0 0 0 0 0 0 2 17168 492698 1909 0 0 0 0 0 0 11704 300301 1038 0 0 0 0 0 0 1186 24921 84 0 0 0 0 0 0 91 2369 9 0 0 0 0 0 0 41 1156 7 0 0 0 0 0 0 0 2200 43438 397 0 0 0 0 0 0 1179 22166 205 0 0 0 0 0 0 91 1529 15 0 0 0 0 0 0 10 214 1 0 0 0 0 0 0 4 100 1 0 0 0 0 0 0 0 442 7924 0 0 0 0 0 0 0 269 4917 0 0 0 0 0 0 0 17 386 0 0 0 0 0 0 0 2 37 0 0 0 0 0 0 0 0 22 499 39 0 0 0 0 0 0 0 374 34 0 0 0 0 0 0 0 110 11 0 0 0 0 0 0 0 27 1 0 0 0 0 0 0 0 0 0 0 0 0 0 0 0 0 27 4296 237 0 0 0 0 0 0 23 3225 160 0 0 0 0 0 0 4 451 32 0 0 0 0 0 0 1 50 2 0 0 0 0 0 0 0 23 2 0 0 0 0 0 0 0 200 61118 2304 0 0 0 0 0 0 151 35940 1490 0 0 0 0 0 0 23 5105 164 0 0 0 0 0 0 5 537 12 0 0 0 0 0 0 0 114 4 0 0 0 0 0 0 0 1948 147486 6854 0 0 0 0 0 0 1406 103247 5011 0 0 0 0 0 0 150 10753 506 0 0 0 0 0 0 13 1141 38 0 0 0 0 0 0 4 743 32 0 0 0 0 0 0 0 6597 337741 6438 0 0 0 0 0 0 4937 283586 4794 0 0 0 0 0 0 491 40570 490 0 0 0 0 0 0 37 3716 43 0 0 0 0 0 0 33 6590 33 0 0 0 0 0 0 0 6925 148820 1945 0 0 0 0 0 0 5054 102148 1276 0 0 0 0 0 0 513 11258 129 0 0 0 0 0 0 38 876 6 0 0 0 0 0 0 38 886 9 0 0 0 0 0 0 0 2331 59832 163 0 0 0 0 0 0 1490 33997 124 0 0 0 0 0 0 153 3628 24 0 0 0 0 0 0 11 345 1 0 0 0 0 0 0 2 250 1 0 0 0 0 0 0 0 193 3153 23 0 0 0 0 0 0 138 2412 24 0 0 0 0 0 0 28 605 5 0 0 0 0 0 0 3 41 1 0 0 0 0 0 0 1 30 1 0 0 0 0 0 0 0 30 372 0 0 0 0 0 0 0 38 481 0 0 0 0 0 0 0 6 123 0 0 0 0 0 0 0 2 29 0 0 0 0 0 0 0 0 0 116 11 0 0 0 0 0 0 0 96 5 0 0 0 0 0 0 0 23 0 0 0 0 0 0 0 0 3 0 0 0 0 0 0 0 0 0 0 0 0 0 0 0 0 0 4 948 56 0 0 0 0 0 0 5 571 26 0 0 0 0 0 0 2 163 10 0 0 0 0 0 0 1 38 3 0 0 0 0 0 0 0 1 0 0 0 0 0 0 0 0 38 15026 393 0 0 0 0 0 0 21 13567 389 0 0 0 0 0 0 17 3279 104 0 0 0 0 0 0 3 357 10 0 0 0 0 0 0 1 73 3 0 0 0 0 0 0 0 270 19667 790 0 0 0 0 0 0 300 26389 1090 0 0 0 0 0 0 83 10191 409 0 0 0 0 0 0 10 896 39 0 0 0 0 0 0 0 364 18 0 0 0 0 0 0 0 698 50258 753 0 0 0 0 0 0 1027 84087 1026 0 0 0 0 0 0 407 46616 345 0 0 0 0 0 0 37 4673 28 0 0 0 0 0 0 11 2682 19 0 0 0 0 0 0 0 816 21406 311 0 0 0 0 0 0 1112 26674 308 0 0 0 0 0 0 375 8628 74 0 0 0 0 0 0 32 683 8 0 0 0 0 0 0 14 387 1 0 0 0 0 0 0 0 387 16587 36 0 0 0 0 0 0 401 13064 23 0 0 0 0 0 0 83 2346 5 0 0 0 0 0 0 5 263 4 0 0 0 0 0 0 0 72 2 0 0 0 0 0 0 0 41 673 7 0 0 0 0 0 0 21 361 7 0 0 0 0 0 0 5 129 2 0 0 0 0 0 0 2 77 1 0 0 0 0 0 0 0 14 0 0 0 0 0 0 0 0 9 77 0 0 0 0 0 0 0 2 51 0 0 0 0 0 0 0 2 57 0 0 0 0 0 0 0 0 3 0 0 0 0 0 0 0 0 0 50 5 0 0 0 0 0 0 0 23 1 0 0 0 0 0 0 0 0 0 0 0 0 0 0 0 0 0 0 0 0 0 0 0 0 0 0 0 0 0 0 0 0 0 0 4 213 18 0 0 0 0 0 0 3 104 6 0 0 0 0 0 0 0 19 1 0 0 0 0 0 0 0 29 0 0 0 0 0 0 0 0 0 0 0 0 0 0 0 0 0 11 2190 56 0 0 0 0 0 0 5 4522 107 0 0 0 0 0 0 0 694 28 0 0 0 0 0 0 1 105 3 0 0 0 0 0 0 0 22 1 0 0 0 0 0 0 0 38 2052 70 0 0 0 0 0 0 76 7479 273 0 0 0 0 0 0 26 4392 163 0 0 0 0 0 0 2 252 12 0 0 0 0 0 0 0 19 0 0 0 0 0 0 0 0 66 5641 76 0 0 0 0 0 0 261 29831 272 0 0 0 0 0 0 165 23550 144 0 0 0 0 0 0 16 2477 13 0 0 0 0 0 0 1 394 4 0 0 0 0 0 0 0 71 2102 30 0 0 0 0 0 0 315 8559 113 0 0 0 0 0 0 130 4417 36 0 0 0 0 0 0 21 330 0 0 0 0 0 0 0 4 70 2 0 0 0 0 0 0 0 44 2048 5 0 0 0 0 0 0 130 5418 3 0 0 0 0 0 0 44 1238 1 0 0 0 0 0 0 2 65 1 0 0 0 0 0 0 0 8 0 0 0 0 0 0 0 0 13 110 3 0 0 0 0 0 0 9 96 0 0 0 0 0 0 0 3 17 0 0 0 0 0 0 0 1 28 1 0 0 0 0 0 0 2 18 0 0 0 0 0 0 0 0 1 16 0 0 0 0 0 0 0 2 11 0 0 0 0 0 0 0 0 5 0 0 0 0 0 0 0 1 8 0 0 0 0 0 0 0 0 0 65 5 0 0 0 0 0 0 0 44 4 0 0 0 0 0 0 0 0 0 0 0 0 0 0 0 0 0 0 0 0 0 0 0 0 0 0 0 0 0 0 0 0 0 0 3 214 17 0 0 0 0 0 0 1 93 6 0 0 0 0 0 0 0 14 1 0 0 0 0 0 0 0 6 0 0 0 0 0 0 0 0 0 0 0 0 0 0 0 0 0 5 976 29 0 0 0 0 0 0 3 1834 47 0 0 0 0 0 0 1 302 11 0 0 0 0 0 0 0 30 0 0 0 0 0 0 0 0 5 0 0 0 0 0 0 0 0 21 749 28 0 0 0 0 0 0 40 3747 117 0 0 0 0 0 0 11 1510 62 0 0 0 0 0 0 1 158 5 0 0 0 0 0 0 0 79 1 0 0 0 0 0 0 0 20 1361 24 0 0 0 0 0 0 136 12160 131 0 0 0 0 0 0 70 9249 63 0 0 0 0 0 0 8 980 8 0 0 0 0 0 0 3 560 5 0 0 0 0 0 0 0 31 811 22 0 0 0 0 0 0 123 4131 45 0 0 0 0 0 0 72 1723 15 0 0 0 0 0 0 6 258 3 0 0 0 0 0 0 5 162 1 0 0 0 0 0 0 0 18 735 6 0 0 0 0 0 0 66 2580 8 0 0 0 0 0 0 26 596 1 0 0 0 0 0 0 4 64 1 0 0 0 0 0 0 1 88 0 0 0 0 0 0 0 0 7 99 1 0 0 0 0 0 0 6 136 4 0 0 0 0 0 0 0 43 1 0 0 0 0 0 0 0 24 1 0 0 0 0 0 0 0 25 0 0 0 0 0 0 0 0 3 27 0 0 0 0 0 0 0 5 64 0 0 0 0 0 0 0 0 8 0 0 0 0 0 0 0 0 9 0 0 0 0 0 0 0 0 0 53 4 0 0 0 0 0 0 0 68 6 0 0 0 0 0 0 0 39 2 0 0 0 0 0 0 0 0 0 0 0 0 0 0 0 0 11 1 0 0 0 0 0 0 0 0 304 17 0 0 0 0 0 0 5 407 24 0 0 0 0 0 0 3 149 7 0 0 0 0 0 0 0 30 4 0 0 0 0 0 0 1 14 1 0 0 0 0 0 0 0 5 911 25 0 0 0 0 0 0 11 2100 39 0 0 0 0 0 0 8 744 22 0 0 0 0 0 0 2 74 1 0 0 0 0 0 0 1 54 0 0 0 0 0 0 0 0 17 576 20 0 0 0 0 0 0 30 1669 57 0 0 0 0 0 0 11 842 31 0 0 0 0 0 0 1 152 3 0 0 0 0 0 0 1 53 1 0 0 0 0 0 0 0 17 949 11 0 0 0 0 0 0 54 4000 64 0 0 0 0 0 0 27 4392 36 0 0 0 0 0 0 7 432 4 0 0 0 0 0 0 7 672 2 0 0 0 0 0 0 0 20 538 7 0 0 0 0 0 0 58 1623 32 0 0 0 0 0 0 29 916 11 0 0 0 0 0 0 6 102 0 0 0 0 0 0 0 3 71 0 0 0 0 0 0 0 0 11 575 3 0 0 0 0 0 0 25 1321 8 0 0 0 0 0 0 9 529 5 0 0 0 0 0 0 2 57 1 0 0 0 0 0 0 1 58 0 0 0 0 0 0 0 0 5 114 2 0 0 0 0 0 0 12 261 3 0 0 0 0 0 0 5 147 1 0 0 0 0 0 0 0 35 0 0 0 0 0 0 0 1 2 0 0 0 0 0 0 0 0 3 30 0 0 0 0 0 0 0 2 43 0 0 0 0 0 0 0 0 4 0 0 0 0 0 0 0 0 0 0 0 0 0 0 0 0 0 0 68 7 0 0 0 0 0 0 0 36 0 0 0 0 0 0 0 0 27 1 0 0 0 0 0 0 0 0 1 0 0 0 0 0 0 0 0 0 0 0 0 0 0 0 0 3 819 34 0 0 0 0 0 0 3 343 10 0 0 0 0 0 0 1 124 7 0 0 0 0 0 0 0 21 1 0 0 0 0 0 0 0 0 0 0 0 0 0 0 0 0 15 1624 37 0 0 0 0 0 0 13 2599 60 0 0 0 0 0 0 7 962 24 0 0 0 0 0 0 1 81 0 0 0 0 0 0 0 0 23 2 0 0 0 0 0 0 0 30 1276 59 0 0 0 0 0 0 60 4823 156 0 0 0 0 0 0 24 2652 105 0 0 0 0 0 0 1 55 4 0 0 0 0 0 0 0 79 3 0 0 0 0 0 0 0 42 2360 47 0 0 0 0 0 0 166 15881 148 0 0 0 0 0 0 131 17737 93 0 0 0 0 0 0 2 980 7 0 0 0 0 0 0 2 1134 3 0 0 0 0 0 0 0 51 1154 26 0 0 0 0 0 0 149 4196 49 0 0 0 0 0 0 117 2412 9 0 0 0 0 0 0 10 153 3 0 0 0 0 0 0 2 47 1 0 0 0 0 0 0 0 19 832 9 0 0 0 0 0 0 45 1770 8 0 0 0 0 0 0 17 568 1 0 0 0 0 0 0 0 38 0 0 0 0 0 0 0 0 30 1 0 0 0 0 0 0 0 12 302 3 0 0 0 0 0 0 5 159 2 0 0 0 0 0 0 1 33 0 0 0 0 0 0 0 1 10 0 0 0 0 0 0 0 1 4 0 0 0 0 0 0 0 0 3 42 0 0 0 0 0 0 0 4 56 0 0 0 0 0 0 0 0 0 0 0 0 0 0 0 0 0 0 0 0 0 0 0 0 0 0 0 465 22 0 0 0 0 0 0 0 517 20 0 0 0 0 0 0 0 52 3 0 0 0 0 0 0 0 21 1 0 0 0 0 0 0 0 0 0 0 0 0 0 0 0 0 35 5255 116 0 0 0 0 0 0 21 1249 47 0 0 0 0 0 0 6 241 10 0 0 0 0 0 0 2 82 2 0 0 0 0 0 0 0 20 2 0 0 0 0 0 0 0 230 16859 390 0 0 0 0 0 0 50 14094 366 0 0 0 0 0 0 14 2409 66 0 0 0 0 0 0 6 392 9 0 0 0 0 0 0 1 126 1 0 0 0 0 0 0 0 388 23710 999 0 0 0 0 0 0 394 35440 1404 1 0 0 0 0 0 77 9502 404 0 0 0 0 0 0 8 322 16 0 0 0 0 0 0 2 528 16 0 0 0 0 0 0 0 976 62748 925 0 0 0 0 0 0 1477 142434 1407 0 0 0 0 0 0 373 50483 409 0 0 0 0 0 0 15 1668 17 0 0 0 0 0 0 12 4442 12 0 0 0 0 0 0 0 953 22883 331 0 0 0 0 0 0 1420 33931 352 0 0 0 0 0 0 356 9079 72 0 0 0 0 0 0 14 312 8 0 0 0 0 0 0 24 387 4 0 0 0 0 0 0 0 377 12726 72 0 0 0 0 0 0 360 10829 38 0 0 0 0 0 0 67 1960 6 0 0 0 0 0 0 2 324 6 0 0 0 0 0 0 2 191 0 0 0 0 0 0 0 0 96 1740 12 0 0 0 0 0 0 44 965 11 0 0 0 0 0 0 4 124 0 0 0 0 0 0 0 1 51 0 0 0 0 0 0 0 1 16 0 0 0 0 0 0 0 0 13 278 0 0 0 0 0 0 0 7 147 0 0 0 0 0 0 0 1 29 0 0 0 0 0 0 0 0 14 0 0 0 0 0 0 0 0 0 1900 99 0 0 0 0 0 0 0 932 46 0 0 0 0 0 0 0 79 6 0 0 0 0 0 0 0 38 1 0 0 0 0 0 0 0 38 1 0 0 0 0 0 0 0 75 11458 503 0 0 0 0 0 0 42 3169 150 0 0 0 0 0 0 4 403 18 0 0 0 0 0 0 4 145 2 0 0 0 0 0 0 0 8 1 0 0 0 0 0 0 0 448 83367 2352 0 0 0 0 0 0 137 32376 1129 0 0 0 0 0 0 22 3078 102 0 0 0 0 0 0 9 869 9 0 0 0 0 0 0 0 117 0 0 0 0 0 0 0 0 2509 178734 7652 1 0 0 0 0 0 1131 107093 4857 0 0 0 0 0 0 104 10421 483 1 0 0 0 0 0 19 698 18 0 0 0 0 0 0 2 670 22 0 0 0 0 0 0 0 7863 459941 7844 0 0 0 0 0 0 4937 374484 5079 0 0 0 0 0 0 513 49057 453 0 0 0 0 0 0 27 2510 17 0 0 0 0 0 0 37 6235 28 0 0 0 0 0 0 2 7709 179383 2278 0 0 0 0 0 1 4869 109480 1116 0 0 0 0 0 0 449 10495 112 0 0 0 0 0 0 22 383 9 0 0 0 0 0 0 23 747 4 0 0 0 0 0 0 0 2155 66826 284 0 0 0 0 0 0 1078 29401 113 0 0 0 0 0 0 88 2821 17 0 0 0 0 0 0 5 432 6 0 0 0 0 0 0 1 203 0 0 0 0 0 0 0 0 315 6983 55 0 0 0 0 0 0 116 2422 19 0 0 0 0 0 0 14 305 0 0 0 0 0 0 0 3 64 3 0 0 0 0 0 0 3 17 0 0 0 0 0 0 0 0 61 827 0 0 0 0 0 0 0 26 357 0 0 0 0 0 0 0 2 22 0 0 0 0 0 0 0 1 18 0 0 0 0 0 0 0 0 0 14034 909 0 0 0 0 0 0 0 8847 455 0 0 0 0 0 0 0 495 34 0 0 0 0 0 0 0 173 3 0 0 0 0 0 0 0 46 1 0 0 0 0 0 0 0 646 76391 3476 0 0 0 0 0 0 373 35893 1800 0 0 0 0 0 0 27 2264 125 0 0 0 0 0 0 8 478 19 0 0 0 0 0 0 0 21 0 0 0 0 0 0 0 0 2903 561265 19683 0 0 0 0 0 0 1646 362728 13758 0 0 0 0 0 0 121 29469 1373 0 0 0 0 0 0 26 6182 131 0 0 0 0 0 0 4 686 34 0 0 0 0 0 0 0 18441 1356710 63456 16 0 0 0 0 0 12838 1022422 51542 13 0 0 0 0 0 1327 134382 7151 0 0 0 0 0 0 143 11453 438 0 0 0 0 0 0 37 9937 582 0 0 0 0 0 0 0 61816 3392644 62517 0 0 0 0 0 0 50192 3170359 50548 0 0 0 0 0 0 6961 517661 6944 0 0 0 0 0 0 445 51681 428 0 0 0 0 0 0 504 120404 544 0 0 0 0 0 0 11 63843 1378338 17928 0 0 0 0 0 7 52002 1018895 12239 0 0 0 0 0 2 7172 134459 1348 0 0 0 0 0 0 399 8996 95 0 0 0 0 0 0 577 10578 36 0 0 0 0 0 0 1 18848 509978 2432 0 0 0 0 0 0 13357 322356 1400 0 0 0 0 0 0 1364 28696 94 0 0 0 0 0 0 67 2582 11 0 0 0 0 0 0 38 1051 3 0 0 0 0 0 0 0 2654 55289 485 0 0 0 0 0 0 1666 30108 290 0 0 0 0 0 0 105 2017 23 0 0 0 0 0 0 11 302 4 0 0 0 0 0 0 1 93 1 0 0 0 0 0 0 0 609 10495 0 0 0 0 0 0 0 405 7273 0 0 0 0 0 0 0 26 456 0 0 0 0 0 0 0 2 52 0 0 0 0 0 0 0 1 3 855 73 0 0 0 0 0 0 0 577 42 0 0 0 0 0 0 0 212 8 0 0 0 0 0 0 0 17 1 0 0 0 0 0 0 0 0 0 0 0 0 0 0 0 0 33 6153 343 0 0 0 0 0 0 38 3459 157 0 0 0 0 0 0 4 806 39 0 0 0 0 0 0 1 142 3 0 0 0 0 0 0 0 1 0 0 0 0 0 0 0 0 275 53279 1943 0 0 0 0 0 0 188 40886 1547 0 0 0 0 0 0 42 6418 217 0 0 0 0 0 0 9 1624 16 0 0 0 0 0 0 0 141 7 0 0 0 0 0 0 0 1541 108432 5092 2 0 0 0 0 0 1323 99435 4754 0 0 0 0 0 0 180 13865 654 0 0 0 0 0 0 26 1476 53 0 0 0 0 0 0 7 766 41 0 0 0 0 0 0 0 4606 222227 4692 0 0 0 0 0 0 4485 267443 4481 0 0 0 0 0 0 587 50863 569 0 0 0 0 0 0 50 5797 45 0 0 0 0 0 0 39 7119 35 0 0 0 0 0 0 0 5088 110070 1594 0 0 0 0 0 0 4818 100090 1169 0 0 0 0 0 0 604 12098 173 0 0 0 0 0 0 62 1315 15 0 0 0 0 0 0 40 677 2 0 0 0 0 0 0 0 1921 53329 180 0 0 0 0 0 0 1441 34832 152 0 0 0 0 0 0 183 5258 26 0 0 0 0 0 0 14 672 7 0 0 0 0 0 0 4 174 3 0 0 0 0 0 0 0 220 3861 41 0 0 0 0 0 0 163 3264 31 0 0 0 0 0 0 29 563 7 0 0 0 0 0 0 7 115 1 0 0 0 0 0 0 1 10 0 0 0 0 0 0 0 0 54 723 0 0 0 0 0 0 0 32 512 0 0 0 0 0 0 0 3 104 0 0 0 0 0 0 0 1 8 0 0 0 0 0 0 0 1 4 191 23 0 0 0 0 0 0 0 204 12 0 0 0 0 0 0 0 15 0 0 0 0 0 0 0 0 1 0 0 0 0 0 0 0 0 0 0 0 0 0 0 0 0 0 12 1278 63 0 0 0 0 0 0 10 554 34 0 0 0 0 0 0 3 249 17 0 0 0 0 0 0 1 108 7 0 0 0 0 0 0 0 5 0 0 0 0 0 0 0 0 49 7620 221 0 0 0 0 0 0 25 16687 444 0 0 0 0 0 0 12 4696 135 0 0 0 0 0 0 11 714 14 0 0 0 0 0 0 0 154 7 0 0 0 0 0 0 0 184 8381 341 0 0 0 0 0 0 288 24519 1031 0 0 0 0 0 0 84 11091 446 0 0 0 0 0 0 12 1075 52 0 0 0 0 0 0 6 768 43 0 0 0 0 0 0 0 339 18838 323 0 0 0 0 0 0 802 82971 930 0 0 0 0 0 0 386 47345 380 0 0 0 0 0 0 37 5271 41 0 0 0 0 0 0 37 7404 30 0 0 0 0 0 0 0 348 7935 185 0 0 0 0 0 1 1037 25758 293 0 0 0 0 0 0 430 11167 90 0 0 0 0 0 0 47 995 3 0 0 0 0 0 0 44 759 6 0 0 0 0 0 0 0 168 6853 28 0 0 0 0 0 0 408 13125 22 0 0 0 0 0 0 151 4583 10 0 0 0 0 0 0 9 334 10 0 0 0 0 0 0 2 125 0 0 0 0 0 0 0 0 40 585 13 0 0 0 0 0 0 23 500 2 0 0 0 0 0 0 7 178 5 0 0 0 0 0 0 4 170 1 0 0 0 0 0 0 0 1 0 0 0 0 0 0 0 0 16 203 0 0 0 0 0 0 0 11 81 0 0 0 0 0 0 0 2 38 0 0 0 0 0 0 0 1 13 0 0 0 0 0 0 0 0 0 45 10 0 0 0 0 0 0 0 74 4 0 0 0 0 0 0 0 9 0 0 0 0 0 0 0 0 0 0 0 0 0 0 0 0 0 0 0 0 0 0 0 0 0 0 6 487 42 0 0 0 0 0 0 2 96 11 0 0 0 0 0 0 1 14 1 0 0 0 0 0 0 0 44 0 0 0 0 0 0 0 0 1 1 0 0 0 0 0 0 0 15 1271 33 0 0 0 0 0 0 6 5221 126 0 0 0 0 0 0 1 2191 90 0 0 0 0 0 0 3 205 4 0 0 0 0 0 0 0 58 1 0 0 0 0 0 0 0 35 894 37 0 0 0 0 0 0 69 6933 270 0 0 0 0 0 0 33 5244 200 0 0 0 0 0 0 4 496 14 0 0 0 0 0 0 5 463 27 0 0 0 0 0 0 0 38 1566 32 0 0 0 0 0 0 216 25060 215 0 0 0 0 0 0 165 24195 179 0 0 0 0 0 0 20 3068 22 0 0 0 0 0 0 37 5033 32 0 0 0 0 0 0 1 34 750 30 0 0 0 0 0 1 238 7193 80 0 0 0 0 0 0 232 6505 43 0 0 0 0 0 0 25 491 5 0 0 0 0 0 0 24 496 4 0 0 0 0 0 0 0 31 930 19 0 0 0 0 0 0 110 4953 6 0 0 0 0 0 0 108 2856 2 0 0 0 0 0 0 3 166 0 0 0 0 0 0 0 2 74 1 0 0 0 0 0 0 0 13 206 6 0 0 0 0 0 0 12 149 2 0 0 0 0 0 0 0 72 0 0 0 0 0 0 0 1 24 0 0 0 0 0 0 0 0 2 0 0 0 0 0 0 0 0 7 60 0 0 0 0 0 0 0 3 32 0 0 0 0 0 0 0 1 22 0 0 0 0 0 0 0 0 3 0 0 0 0 0 0 0 0 0 61 2 0 0 0 0 0 0 0 124 9 0 0 0 0 0 0 0 1 1 0 0 0 0 0 0 0 0 0 0 0 0 0 0 0 0 0 0 0 0 0 0 0 0 0 7 299 12 0 0 0 0 0 0 5 242 15 0 0 0 0 0 0 1 34 0 0 0 0 0 0 0 0 31 1 0 0 0 0 0 0 0 0 0 0 0 0 0 0 0 0 20 605 15 0 0 0 0 0 0 14 4404 131 0 0 0 0 0 0 4 3734 164 0 0 0 0 0 0 2 191 4 0 0 0 0 0 0 0 102 5 0 0 0 0 0 0 0 16 384 20 0 0 0 0 0 0 104 5565 227 0 0 0 0 0 0 64 8065 313 0 0 0 0 0 0 9 588 26 0 0 0 0 0 0 6 564 32 0 0 0 0 0 0 1 18 671 26 0 0 0 0 0 0 191 15919 183 0 0 0 0 0 0 236 27277 244 0 0 0 0 0 0 25 5899 33 0 0 0 0 0 0 30 7398 40 0 0 0 0 0 0 0 21 477 21 0 0 0 0 0 0 230 5567 75 0 0 0 0 0 0 358 8714 68 0 0 0 0 0 0 32 687 4 0 0 0 0 0 0 39 727 5 0 0 0 0 0 0 0 10 699 6 0 0 0 0 0 0 124 3484 13 0 0 0 0 0 0 201 4203 3 0 0 0 0 0 0 7 181 0 0 0 0 0 0 0 3 115 0 0 0 0 0 0 0 0 6 113 3 0 0 0 0 0 0 14 196 3 0 0 0 0 0 0 6 41 0 0 0 0 0 0 0 2 42 1 0 0 0 0 0 0 1 12 0 0 0 0 0 0 0 0 3 61 0 0 0 0 0 0 0 0 28 0 0 0 0 0 0 0 4 28 0 0 0 0 0 0 0 0 5 0 0 0 0 0 0 0 0 0 
# boundaries
* 
* 
* 
0 30 60 90 120 150 180 210 240 270 300 330 360 
* 
* 
50 100 200 300 400 500 600 
50 100 200 300 400 500 600 
-5 -2 -0.25 0.25 2 5 
-5 -2 -0.25 0.25 2 5 
-5000 -3000 -2000 -1000 -400 400 1000 2000 3000 5000 
-5000 -3000 -2000 -1000 -400 400 1000 2000 3000 5000 
-8 -6 -3.5 -1 -0.25 0.25 1 3.5 6 8 
-8 -6 -3.5 -1 -0.25 0.25 1 3.5 6 8 
0 0.0822896 0.5 1 3 
0 100 200 300 400 500 600 700 800 900 6000 
# resample_rates
0 0 0 0 0 0 0 0 0 0 0.0487462 0.0505306 0.0794427 0.0827686 0 0 
