# labels_initial
"L", "v", "\dot v", "\dot h", "\dot \psi" 
# G_initial
0 1 1 1 1 
0 0 1 1 1 
0 0 0 1 1 
0 0 0 0 1 
0 0 0 0 0 
# r_initial
4 8 5 7 7 
# N_initial
11311156 18360420 11748684 4395343 295915 258629 750422 1747096 5149916 2618603 414177 76398 27925 166144 691726 1945800 7330678 6311573 1592893 293681 7317 38635 201257 765234 3699296 4546635 1970770 519540 12453 9535 37577 169356 1016489 1636460 1093475 419998 25221 59648 134118 38579 38349 884 2478 19363 2832 2368 483 804 4608 585 837 188 354 11431 248 232 27379 40665 140755 30812 19018 3291 24824 111132 23960 2937 1136 5930 23911 6458 1200 305 1068 6357 1422 383 33642 133613 443382 116459 23326 11559 109967 452583 109017 8600 3572 31136 129090 34235 3224 757 5625 22966 7171 1058 49398 297574 1089011 276997 34116 25681 287914 1298984 313599 19622 9620 107019 510028 129735 8832 2334 23629 108540 31685 3168 90489 710416 3652928 639330 56753 61895 835995 5484719 898756 49313 28713 400485 2769981 469690 30427 8388 109365 742183 144244 12309 56074 431944 1779208 321273 30104 59829 739620 4739377 726370 46377 34713 451735 3484445 535024 40718 11403 154970 1239424 210662 20001 18418 83678 242471 59836 9774 30154 227509 1124344 191255 19631 23536 205402 1478057 239642 24133 8633 99362 830217 138771 16492 9574 14175 35660 11709 5280 12304 43549 189272 39175 9381 11001 60492 376811 62298 8938 5444 39812 312315 54699 7728 0 5 987 23982 245 2 0 0 6 290 408 179 1 0 0 15 211 202 54 1 0 0 1 61 85 40 1 0 23 207 2354 23108 1512 161 14 17 236 392 1112 1199 313 22 20 129 200 231 369 179 8 9 14 88 72 100 22 0 91 281 5341 22411 4811 639 68 31 173 862 3879 4966 1492 156 9 108 258 675 1599 826 97 16 38 95 164 309 121 14 167 780 13027 25159 9043 1123 99 66 338 2133 8712 10853 3258 321 13 123 602 2194 4332 2021 335 18 51 188 655 881 443 98 427 3193 33467 36094 15414 1692 202 176 1040 6803 22670 24155 6421 630 61 455 2492 8816 11577 4632 680 95 181 882 2646 3011 1324 249 680 3868 18425 22751 9234 878 238 385 1547 7911 24487 20467 4405 627 201 768 3631 11967 13342 4198 606 136 265 1143 3504 4271 1758 326 595 1626 5921 7685 2119 258 214 437 1375 5927 12873 7537 1529 476 252 865 3191 9049 7923 1943 313 151 362 1056 2457 3114 1263 230 1429 1894 2904 2198 407 101 641 1370 1520 3106 3968 1472 290 578 820 922 2233 3796 2379 480 371 682 458 845 1190 1342 520 407 0 17 1892 56453 1273 13 0 0 26 458 1221 749 24 0 0 22 293 250 237 2 0 0 10 93 131 105 15 0 75 303 2311 23149 13406 1389 32 29 277 1051 7088 12637 3608 134 20 115 154 734 3389 1466 52 0 47 93 142 526 235 25 180 777 11260 73473 42976 4714 233 65 676 6741 33408 51405 16213 1459 5 108 759 5097 16959 7304 904 7 57 195 1186 2593 1405 182 206 2614 39751 166334 81159 7031 479 103 2168 24802 103091 123989 30777 2984 26 571 5929 28366 51525 18206 2396 24 172 1303 6596 10588 4359 587 729 12420 147543 392536 144865 11219 1104 694 14133 120478 354802 280315 59690 5883 397 6897 49274 144871 150660 42845 5541 150 2040 13002 34722 42303 14968 2180 1128 15136 126040 221036 62523 5097 984 1630 28310 181902 315362 175063 33066 4287 1140 21292 113476 164297 118394 29014 4122 441 7748 39709 48689 42653 13558 2172 1037 8180 35418 31280 5988 1179 596 2004 23297 90886 79323 25475 5104 1420 1584 23257 84216 63687 27067 4830 761 704 11636 42567 27037 13687 3187 544 2165 3481 5114 2426 464 248 277 3307 11218 17551 8856 1645 563 409 2352 13368 27091 13921 3084 425 251 1202 8624 18193 8236 2591 691 275 0 231 3151 125441 5183 112 0 0 323 2499 12461 3891 189 0 0 300 1835 1369 1011 93 0 0 823 4870 3065 2393 280 0 32 957 8659 89975 36684 4313 135 169 1126 8287 40254 44453 16127 716 53 469 490 2533 12730 7048 588 26 863 283 537 2075 2062 511 234 2437 46198 255300 125709 12859 645 111 2835 45852 143944 192550 61743 5548 16 533 5853 19231 68790 31088 3579 22 162 1452 3833 10710 5963 824 300 10264 174952 605012 272546 23763 2174 460 16542 173663 447538 522559 127196 11026 146 5808 47699 123586 240473 81582 10734 76 1403 10168 23896 48855 20992 3150 1627 60026 845464 1880706 790338 67058 7709 4172 145660 1144612 1922633 1831071 402562 34009 2721 90811 571488 773080 976712 314349 40820 703 24783 142735 176973 261263 118068 17658 2837 73477 635123 753975 275352 33367 5077 11587 313209 1780853 1411391 967871 229737 24729 11463 298233 1441210 831148 659454 210406 32531 4206 108615 505737 270620 239858 94474 15914 3183 36657 127933 56580 11138 5229 1751 12482 205904 631286 203279 54259 14022 3112 15655 284847 848771 239468 68613 17519 3184 7432 146946 469770 147159 45612 11165 2133 4510 11043 13160 4654 1031 879 383 15568 65144 86535 16857 3067 1329 772 13353 118833 196683 41347 5328 917 350 8224 87924 168527 39408 6340 1454 438 0 10 365 37248 947 9 0 0 5 326 1863 629 9 0 0 12 133 247 179 14 0 0 4 59 103 74 8 0 15 209 2699 18200 8776 900 13 12 147 1718 8058 11223 2729 73 1 76 132 1123 3785 1312 29 2 40 87 252 708 293 40 74 1013 14174 69125 29070 2828 175 60 888 8815 38814 47373 12096 971 5 163 992 7604 18474 6375 622 13 90 295 1541 3662 1351 219 191 3994 48809 163016 55878 4699 410 213 3776 33224 132006 117560 24786 2034 46 1225 7623 42242 60322 16231 2046 29 289 1641 8979 15210 4807 730 956 18764 181988 343388 83936 8226 2072 1629 27620 183169 409991 229585 42122 4640 833 14738 72265 186671 153710 36460 5013 290 3855 18108 47776 55433 16489 2293 1736 22748 129908 134702 25649 5088 1442 4004 58623 247003 285535 108350 20150 2705 3641 45679 155945 197124 104684 23894 4057 1179 16092 51116 71959 53529 14136 2651 1765 10688 27381 14474 2996 1949 583 4740 38300 83986 48319 12178 2884 848 4961 45130 99013 63639 21405 4572 922 2275 22855 50297 40419 18092 4114 719 2084 3665 3214 1687 537 273 249 5785 13485 13508 4322 1176 470 429 4681 19374 25020 10083 2308 494 338 2805 14146 21869 11380 3353 786 360 0 6 579 37391 373 0 0 0 14 503 1560 284 7 0 0 33 325 336 130 13 0 0 5 67 125 35 0 0 4 72 3302 14605 961 69 5 8 175 582 1389 632 131 20 11 138 268 318 309 146 10 0 76 68 81 116 41 1 20 271 5801 14952 2001 238 43 28 184 1547 4142 2259 398 42 19 50 338 1118 1260 399 40 8 46 104 293 433 146 28 50 725 9381 19682 3607 491 180 51 607 3601 9427 4938 907 91 20 106 885 3506 3292 870 153 10 47 238 1078 1334 389 72 238 2328 19072 27839 5332 1198 746 298 2191 11981 23681 9172 1757 233 119 686 4277 14328 8494 2129 394 37 231 1136 4788 4731 1159 227 484 2847 11683 10692 2480 1426 492 511 3398 15423 20007 5566 1135 337 212 1591 8102 19896 8657 1870 390 98 476 2615 8411 6490 1581 330 541 1605 3844 2400 570 532 282 598 2858 7535 6522 1491 416 211 346 1623 6531 10801 3913 671 248 117 570 2911 7247 4597 800 250 1092 840 1386 1115 272 82 493 1631 1920 2919 1592 481 193 645 776 1272 2825 2392 803 295 575 509 761 1812 2399 1249 440 558 0 0 0 0 0 0 0 0 0 0 0 0 0 0 0 0 0 0 0 0 0 0 0 0 0 0 0 0 0 0 1 16 5 1 0 3 0 1 4 9 0 0 0 0 2 18 0 0 0 0 0 1 8 0 0 0 5 14 9 31 20 8 4 1 5 6 7 5 5 2 0 0 5 2 2 0 0 0 1 3 10 2 0 0 5 21 32 61 27 17 4 2 5 8 23 20 8 0 0 0 2 0 8 3 0 3 4 0 3 7 0 1 15 61 104 122 69 49 7 5 15 36 62 32 18 8 2 7 7 15 20 10 0 5 10 18 14 33 10 5 37 117 176 135 108 90 17 22 30 76 118 70 38 31 9 10 29 73 39 27 14 7 9 20 30 48 15 7 38 76 126 152 97 77 29 24 31 87 182 73 28 12 14 9 27 136 30 21 15 11 11 37 40 29 9 14 35 64 149 950 131 46 54 72 77 224 745 141 62 49 75 37 111 412 106 52 27 60 46 104 291 84 53 44 0 0 0 0 0 0 0 0 0 0 0 0 0 0 0 0 0 0 0 0 0 0 0 0 0 0 0 0 1 3 9 56 3 3 0 0 0 1 28 0 0 0 0 0 0 20 0 0 0 0 0 0 0 0 0 0 3 28 36 62 27 18 6 0 4 11 26 14 3 7 0 0 0 4 1 0 0 1 1 0 3 1 0 1 12 36 30 57 43 21 7 6 3 16 53 11 14 0 0 0 4 16 1 3 2 0 0 0 9 7 1 7 29 65 131 251 126 79 48 43 53 96 311 116 65 10 10 26 46 205 43 39 28 0 0 21 66 26 25 12 61 145 221 406 152 92 51 89 80 157 1026 174 78 26 21 32 75 855 99 32 26 8 3 37 302 38 46 7 21 116 179 483 139 64 35 29 94 130 1574 127 23 27 14 18 72 1343 94 23 20 8 5 48 590 31 10 12 17 42 143 1785 109 35 34 31 61 112 2940 103 41 19 18 21 57 2168 71 11 6 14 15 41 1088 32 5 7 0 0 0 0 0 0 0 0 0 0 0 0 0 0 0 0 0 0 0 0 0 0 0 0 0 0 0 0 2 2 5 22 1 0 0 0 0 0 162 4 3 0 0 0 0 53 0 0 0 0 0 0 26 0 0 0 7 19 49 102 25 19 13 1 17 21 59 2 4 7 0 5 8 3 0 0 0 0 2 0 20 0 0 0 10 20 54 109 61 29 17 15 28 67 262 47 17 24 1 0 21 109 11 2 2 0 0 11 51 8 5 1 75 97 233 869 155 116 82 90 125 332 3269 215 61 80 17 42 153 2293 147 56 13 5 3 49 579 42 14 11 118 193 314 1723 242 127 120 121 188 566 10074 455 107 76 18 97 253 10697 318 74 6 17 14 134 3892 108 33 8 39 125 253 2408 216 97 45 47 82 301 11612 336 60 44 10 40 213 15213 164 14 1 6 19 78 7218 87 22 2 39 40 154 4066 123 69 19 35 41 108 15204 137 28 15 19 7 79 13148 82 10 8 9 12 45 8132 22 1 3 0 0 0 0 0 0 0 0 0 0 0 0 0 0 0 0 0 0 0 0 0 0 0 0 0 0 0 0 0 1 1 5 4 2 2 0 0 0 8 4 0 0 0 1 0 0 0 0 0 0 0 0 2 0 0 0 1 8 7 28 16 12 2 1 4 7 34 12 0 2 0 2 0 3 0 0 0 0 0 1 11 0 0 1 24 33 28 52 21 17 16 4 22 38 105 29 13 2 0 3 10 33 0 0 0 0 0 3 10 16 0 0 43 100 153 357 152 86 65 27 127 234 974 140 97 30 24 29 73 600 72 24 11 3 0 21 204 50 12 0 88 148 283 891 175 93 58 86 165 393 2818 393 113 36 11 42 230 3095 209 49 5 4 4 55 1015 74 22 5 42 110 300 1032 160 79 42 35 82 322 3951 258 48 44 10 13 113 4679 107 30 9 3 5 56 2135 60 8 8 34 63 145 1627 139 48 28 24 39 136 5417 137 17 15 17 15 69 4481 76 10 13 7 19 55 2687 31 5 1 0 0 0 0 0 0 0 0 0 0 0 0 0 0 0 0 0 0 0 0 0 0 0 0 0 0 0 0 0 1 0 0 2 0 1 0 0 0 3 3 2 0 0 0 0 11 0 0 0 0 0 0 0 0 0 0 3 2 6 1 4 1 3 0 5 7 8 7 1 0 0 0 4 15 0 0 0 0 0 0 2 3 3 0 7 16 10 5 2 8 2 0 13 17 12 8 1 0 0 3 4 13 0 0 0 0 0 10 0 0 0 0 31 39 42 50 35 31 10 12 74 94 51 28 38 1 6 17 27 48 7 11 3 0 2 8 13 14 0 0 29 59 136 111 75 46 28 4 86 106 142 115 51 7 7 10 33 117 28 17 0 10 12 22 36 9 9 0 16 56 147 159 92 50 21 11 63 96 317 65 34 12 11 20 47 211 39 12 6 2 17 13 81 2 1 1 38 94 181 504 168 67 40 41 59 174 1077 165 75 40 37 50 91 454 76 28 40 16 43 79 257 65 39 10 0 0 1 3 1 0 0 0 0 1 5 0 0 0 0 0 0 15 0 0 0 0 0 0 1 0 0 0 7 21 33 80 42 21 3 3 8 43 113 52 14 3 0 0 9 75 28 17 0 0 0 0 7 6 1 0 11 40 46 82 58 33 11 3 18 22 45 34 45 6 2 8 16 33 29 18 2 0 0 11 12 7 8 0 19 113 160 234 159 75 20 10 49 47 106 64 48 14 3 12 19 34 29 22 4 0 4 7 26 4 9 1 99 609 852 675 529 366 63 25 135 162 327 183 180 28 4 55 59 127 111 80 19 3 43 39 61 15 17 3 123 1041 842 580 654 538 90 26 151 250 563 347 170 40 11 62 94 391 126 75 9 10 25 58 99 35 29 9 50 279 336 437 275 198 51 17 75 201 835 198 32 17 14 23 87 595 111 32 3 9 13 44 212 67 16 1 21 91 256 1266 181 47 32 23 28 145 1149 141 26 8 7 8 50 774 43 16 24 9 14 55 330 39 7 4 0 2 2 12 1 0 0 0 0 0 26 0 0 0 0 0 0 22 0 0 0 0 0 3 7 0 0 0 13 30 47 119 43 24 27 3 8 18 188 31 26 3 0 0 1 92 14 5 3 0 1 3 30 5 7 1 58 113 131 234 134 64 43 8 46 118 285 150 36 33 4 16 16 46 16 8 2 0 1 6 32 14 1 3 127 281 473 877 451 264 141 69 196 357 993 346 159 48 26 37 108 280 80 31 9 3 12 34 66 33 20 4 780 1742 2358 3835 1732 1448 525 269 1212 2036 7354 1885 995 382 69 376 693 4658 660 349 92 31 92 216 1381 202 98 20 534 1980 2789 5869 2307 1308 349 228 1157 2705 20509 2459 1037 215 106 442 1286 17652 1353 412 41 30 124 434 6640 374 135 11 126 653 1030 5031 869 385 86 47 238 1133 20808 898 126 47 35 84 556 21874 570 117 21 3 37 240 11038 289 24 5 18 59 223 2953 170 55 3 24 15 254 10699 201 22 3 14 9 111 13094 122 13 5 1 3 65 8472 81 1 1 0 1 2 215 7 6 0 6 5 11 279 14 5 3 22 5 9 257 7 0 0 12 11 18 700 21 27 34 24 50 73 601 107 64 38 34 33 32 862 129 23 13 5 0 13 436 7 8 0 2 1 5 766 27 40 22 101 176 314 1289 286 154 117 27 91 327 2012 291 60 27 11 25 46 385 60 4 2 0 1 18 100 30 13 0 382 701 1313 5905 1011 554 398 175 358 1243 13113 1174 327 152 30 52 341 4983 331 62 9 6 14 88 1194 79 16 6 3251 3610 6067 36927 5001 2910 2260 1546 2853 8175 122229 7300 2294 1263 422 751 3197 82431 3007 702 301 62 179 778 22722 774 180 88 2035 2710 6000 54517 4833 2009 1373 1089 2474 9780 287228 9206 2132 1300 422 1127 5394 285434 4778 818 260 44 213 1315 105541 1226 212 64 227 634 1950 31719 1545 451 131 177 403 2817 199716 2361 316 114 31 173 1918 280625 1852 226 22 6 52 794 145388 637 65 4 31 86 219 10424 222 56 5 45 58 330 64342 326 35 8 8 12 301 118208 281 17 6 2 3 175 87587 147 9 1 0 0 0 8 1 1 0 0 0 0 5 0 0 0 0 0 0 12 0 0 0 0 0 0 3 1 0 0 6 19 21 61 44 41 17 0 6 17 82 25 14 3 0 0 7 54 10 5 0 0 2 0 28 8 2 0 38 111 191 337 152 123 61 10 73 153 456 158 30 8 1 6 33 80 36 7 0 4 2 14 42 21 4 3 167 428 755 1320 665 437 222 72 279 589 2021 503 255 57 13 79 145 788 137 54 9 7 6 61 166 25 11 13 1072 2348 3532 6677 2497 1817 821 437 2047 4141 15616 3225 1767 387 146 608 1412 10473 1454 537 108 40 109 273 2959 335 100 39 766 1898 4008 11199 2858 1394 625 355 1828 5890 43605 5031 1607 307 117 605 2855 39039 2430 548 85 49 111 662 14570 573 103 24 101 362 1505 7323 1051 269 77 34 259 2282 33715 1753 215 42 15 144 1294 42338 1175 139 25 13 27 552 21861 367 30 5 18 48 226 3174 167 31 1 9 62 356 12773 264 17 4 1 15 274 18826 236 11 11 6 8 102 13937 92 1 0 0 0 0 4 1 1 0 0 0 0 14 0 0 0 0 1 0 32 0 0 0 0 0 0 5 0 0 0 2 10 2 31 18 6 3 0 6 10 139 15 5 0 0 4 11 109 8 6 0 0 0 5 69 2 0 0 20 47 71 45 34 39 15 4 22 47 42 37 32 0 0 3 6 32 7 2 0 5 1 8 24 7 0 1 44 132 149 111 113 133 43 11 105 187 104 66 119 15 0 5 21 46 25 9 0 2 3 14 18 5 3 2 126 541 517 262 397 365 120 70 491 489 357 378 326 80 8 112 146 169 139 97 15 10 24 63 74 20 38 2 66 442 874 526 564 312 63 39 511 867 917 666 343 55 24 136 430 571 268 154 8 4 37 109 191 96 35 4 27 121 439 576 331 83 28 13 145 732 1304 539 98 27 11 33 257 1040 237 33 12 0 25 82 395 51 14 3 8 42 170 445 132 32 11 38 50 341 1220 185 60 26 15 27 155 918 113 27 17 13 25 88 541 86 8 0 46 93 188 316 182 94 68 13 9 36 191 24 14 3 0 10 19 142 35 3 2 0 1 5 39 9 4 3 123 325 438 663 398 274 133 14 42 92 132 55 47 10 3 26 39 49 52 26 5 3 13 17 26 17 9 3 158 598 1217 1710 1046 482 130 22 129 190 213 163 116 29 0 35 47 65 59 36 16 2 9 29 22 14 17 2 260 1268 3138 4696 2404 1061 200 86 376 430 393 411 339 98 59 118 120 102 84 91 28 9 38 46 35 28 24 8 762 5088 8624 9199 6032 3213 549 360 1162 1261 1272 1295 1212 241 103 467 511 498 491 356 66 22 176 199 182 152 124 27 405 3479 4802 3590 3695 2115 339 191 893 1614 2535 1828 755 95 99 412 790 1225 729 351 25 43 144 266 326 214 134 16 79 511 1390 2295 1296 305 45 49 283 1056 3430 946 145 18 23 131 563 1841 538 77 18 16 48 209 579 161 41 2 41 120 500 1680 422 93 48 14 70 358 2323 286 43 12 14 34 181 1790 164 32 18 4 18 85 625 107 3 3 61 134 379 913 271 72 62 5 16 42 335 39 17 4 0 11 13 221 37 10 1 2 14 10 60 3 0 4 90 240 387 842 415 229 108 20 94 207 453 201 63 13 0 11 37 55 35 12 4 0 12 22 44 7 7 1 382 1078 2083 4420 1919 989 389 140 499 1262 3088 1197 444 111 29 57 127 329 125 65 27 8 6 22 107 38 8 6 1857 5205 7769 12671 6282 4368 1599 895 2223 4112 10681 4110 2080 701 215 544 981 2670 922 435 162 50 104 152 611 230 111 45 6839 22398 29297 43544 22895 17455 5115 3112 12012 17470 57118 17030 10849 2887 956 3831 6430 28173 5828 3292 764 234 665 1414 8500 1213 792 184 2830 12279 23308 57814 19086 8484 2239 1977 7524 18109 128943 16728 7075 1546 626 3172 8056 90598 7705 2817 502 187 719 2044 34107 1838 691 123 205 1195 4506 24825 3872 684 131 173 806 4814 80372 3932 701 88 79 443 2534 78109 2599 411 41 18 177 941 40424 897 100 10 45 85 368 4252 285 60 19 23 60 490 16523 405 37 13 15 38 441 26242 325 15 15 8 11 145 17905 104 6 14 137 145 394 1804 432 145 94 45 63 161 1902 182 81 65 79 108 118 1236 119 94 81 61 113 193 3944 243 186 130 155 546 1262 4974 1072 463 187 93 205 1191 5472 1080 185 61 4 7 60 336 59 15 9 1 3 40 211 8 18 2 1319 2490 4783 29634 4808 2080 1084 501 786 4140 35292 3938 807 388 54 102 510 4592 462 83 50 10 24 124 1225 36 18 15 7215 11594 18529 103147 17344 10753 6370 2993 4913 12911 133074 12643 4640 2489 693 1011 3107 38160 3020 1058 650 141 224 542 8324 620 188 129 39543 56710 84339 513243 75002 46333 30294 17485 35487 70023 906220 67555 32847 14995 4652 9646 22730 500198 22221 8599 3442 889 1513 4283 130085 4177 1116 672 14139 24789 50259 471733 42010 19687 12506 9599 23861 63830 1591322 59238 23440 9563 2883 8428 26457 1368072 25804 7413 2153 794 1561 6389 488560 6187 1615 631 355 1571 6288 113074 5300 1036 309 390 1826 9800 608714 8795 1490 271 207 1010 6682 834176 5830 754 112 50 372 2409 464543 2147 238 11 43 95 324 12277 332 59 30 26 88 547 85270 531 34 39 16 55 665 195348 573 15 11 7 15 279 167957 248 11 10 22 36 47 141 61 44 14 13 18 52 175 38 21 9 0 8 13 106 6 0 0 2 3 6 31 11 3 3 108 250 587 1080 391 215 68 16 115 369 812 283 96 27 3 10 28 46 26 15 4 0 7 4 59 14 1 2 597 1693 2770 4756 2330 1497 531 250 676 1592 4132 1452 520 193 45 63 169 421 171 63 60 7 16 46 141 41 23 21 2708 7001 9212 13613 7648 6097 2530 1352 3602 5628 12988 5239 3204 1211 391 720 1166 3149 1084 727 386 96 180 240 705 204 133 83 9430 26155 34123 54148 28264 22178 7690 4683 20263 30526 76448 27323 19178 4748 1522 6609 9857 38146 9123 5416 1592 338 1130 1890 11513 1905 1069 263 3038 11605 24468 59406 20163 8989 2239 2035 12818 35394 150661 32113 12070 1912 775 4882 15827 114936 14574 4274 677 208 1167 3809 41279 3612 899 142 201 923 4407 17713 3402 640 95 131 1177 7361 67849 6516 869 83 70 733 5448 87700 4478 544 40 18 213 1686 46834 1326 187 33 49 81 317 2525 185 32 25 28 60 581 12289 497 38 15 9 50 530 23872 507 38 14 8 19 264 21388 170 7 13 10 30 85 262 122 51 19 10 18 20 396 32 18 9 10 4 33 259 15 1 3 2 0 4 44 4 7 6 153 348 595 1050 713 316 127 13 53 100 224 125 50 17 5 7 60 131 47 15 3 3 2 9 24 17 6 7 192 792 1198 1646 1320 523 130 39 201 367 350 306 239 45 1 26 105 106 60 35 5 8 8 18 41 16 9 4 286 1475 1958 2364 1911 1143 244 133 849 724 466 645 657 127 46 175 174 126 181 139 44 13 48 28 47 49 31 22 534 3240 4482 3834 3792 2670 520 299 2680 2800 1357 2323 2215 307 148 859 884 585 845 839 117 31 215 239 180 218 227 26 207 1629 3606 2139 2712 1224 166 123 1815 4520 3388 3869 1612 96 43 803 2255 2098 2072 790 41 17 279 701 749 620 231 18 51 212 1219 1286 877 162 37 22 265 2152 3073 1770 224 29 6 168 1483 3290 1415 161 8 2 86 603 1671 494 50 5 45 134 281 625 211 49 41 73 109 549 1606 452 103 27 26 108 396 1824 362 93 16 13 25 203 1365 178 25 3 1579 3112 4612 6023 4362 2788 1506 44 37 66 133 53 52 23 0 13 38 95 31 20 5 4 6 9 45 10 7 4 1259 3160 4594 5915 4135 2868 1177 66 133 259 239 224 150 41 12 25 54 60 39 30 11 2 2 10 30 12 15 1 821 2730 5177 5976 4234 2710 763 179 597 843 568 847 650 195 58 100 152 129 106 84 46 12 26 18 36 27 35 10 1132 3473 5611 6080 4434 3211 1218 595 1544 1655 911 1601 1695 711 192 412 373 279 351 422 165 55 155 96 82 108 107 52 1704 5962 7537 6864 6466 5854 1707 1291 4657 4079 2577 4114 4721 1231 426 2026 1559 990 1523 1897 395 146 732 421 192 470 572 113 467 2358 5677 5832 5790 2201 426 564 2819 5873 5720 6413 2744 354 254 1666 3061 2274 3009 1524 179 101 606 918 445 859 534 41 117 348 1702 3509 1648 273 88 106 564 2663 6162 2936 397 45 59 378 2156 4158 2004 268 26 10 175 636 921 572 136 7 69 101 357 1171 294 105 101 51 114 625 2599 487 46 46 21 48 515 2759 412 31 10 10 23 181 799 155 18 4 1968 3498 9446 27011 9054 3486 1990 60 82 190 480 220 113 76 4 19 26 127 33 12 29 11 20 14 53 20 13 0 984 2189 4091 8826 3816 2232 1011 284 615 1274 2639 1358 624 294 68 89 143 200 107 76 51 16 8 18 29 30 29 12 5259 9192 12510 20728 11113 9637 5034 2382 3528 5332 10557 5727 3585 2297 561 643 806 1289 754 574 470 91 131 161 346 213 127 117 16583 24900 24675 35774 22803 25443 16156 11524 14539 14983 22330 14412 14455 10848 3643 4372 3838 5216 4012 3997 3288 683 976 952 1282 1015 956 732 35173 61399 60230 91085 54998 56709 32942 28459 60411 50059 78943 49157 60652 27121 10848 26157 20755 34377 19682 24399 8653 2614 5823 4841 9093 4723 5565 2063 8946 20958 37235 93180 35071 18412 7234 12053 33712 46818 135942 45913 31876 9048 5610 18763 23152 74522 21837 16866 3547 1820 5304 6261 23884 5828 4686 906 305 1094 4088 21503 3443 675 172 671 3117 8495 56553 7873 2233 381 448 2163 5857 48461 5039 1554 165 197 1108 2410 20641 1911 713 57 55 57 221 1843 165 56 29 60 156 545 7652 339 65 39 31 125 594 12671 438 42 20 7 48 339 7543 255 34 10 5383 6886 16643 67364 16449 7145 5571 714 793 2051 5124 1997 778 1004 199 132 182 435 156 115 150 420 350 285 798 342 440 430 2871 4818 9952 55632 9374 4706 2622 1110 1635 4805 24628 4927 1921 1228 232 285 319 938 388 195 176 45 37 49 144 154 59 49 17818 21662 25778 125146 25163 21744 17989 9620 9215 14437 76664 14313 9748 9947 2332 1758 2201 6657 2451 1732 2100 318 306 471 1442 569 343 384 72117 63304 58248 223355 56152 62155 69681 58074 44052 40447 166073 39182 44254 55456 19481 14643 11082 37756 10812 13068 16744 2846 2520 2295 8381 2205 2515 3134 319315 211998 148988 587033 135976 183892 293504 287138 239388 143681 601981 140276 237000 273169 101824 93448 57142 292991 55302 90798 81575 21239 17917 12354 83442 11177 16304 14540 83986 75459 61823 330383 55141 63147 84036 131640 147368 111512 653794 105876 142392 118809 55629 72567 57488 488030 53160 63513 40761 15711 18640 15564 182724 13922 14748 9311 1205 2533 4091 42992 3266 1722 771 3986 9529 12552 157571 11147 6714 1780 2322 7328 10021 204928 8659 5055 1155 1182 3708 4498 131430 3712 2291 338 57 67 150 4146 131 56 47 74 293 645 15230 436 101 78 35 290 775 39626 524 75 22 20 111 428 38454 339 42 14 3630 3233 5255 11497 6122 3680 3831 195 142 283 555 312 195 181 21 19 36 101 33 30 7 10 22 12 34 14 4 7 906 2067 3520 5672 3166 2105 764 459 866 1450 2699 1333 848 403 108 164 153 254 181 147 116 33 25 22 51 50 33 38 5033 10427 11470 16846 10483 9853 5013 3508 4947 5926 10479 5844 4800 3310 1151 1008 1099 1385 1107 927 927 184 141 235 320 196 224 241 17683 27061 22470 33332 21429 24580 16461 17560 20854 16912 23706 16118 20059 16797 7224 7015 4709 5532 4693 6691 6378 1254 1505 1003 1408 1060 1402 1347 31024 59660 49161 77522 44221 52764 29036 35964 80939 55979 69624 52415 79815 35255 17055 38285 24645 33069 23044 35445 15128 4099 8443 6041 11988 5570 8297 3338 5507 17199 23483 48395 20993 13968 5157 10281 39142 52525 88695 48223 38591 8078 5856 24405 33871 75702 31697 21604 3989 1935 7628 11197 34208 9697 6106 1188 220 736 2379 8534 1905 512 188 522 2957 8356 26848 7217 2193 226 328 2727 8317 42672 7568 1873 154 173 1319 4059 30248 3727 834 59 61 56 143 1201 139 44 43 45 139 496 3195 339 67 41 24 95 759 8644 505 40 16 21 47 479 10413 396 21 3 2748 3435 5798 9842 7743 4540 3285 228 140 138 409 244 209 192 23 50 36 174 25 11 17 11 9 14 61 5 11 14 671 1448 2542 4258 3101 1725 860 69 169 283 250 289 217 112 16 28 67 91 48 34 34 6 10 14 26 10 6 9 498 1974 2935 4400 3005 1672 468 239 700 778 561 793 835 236 109 169 227 221 160 128 104 21 48 58 65 33 33 35 835 2750 4139 5066 4004 2281 607 703 2024 1533 918 1589 1963 697 315 682 588 452 517 648 304 78 231 198 110 165 188 108 923 4158 6546 5935 6359 3214 704 1029 4981 4810 2481 4403 4992 985 571 3206 2821 1595 2621 2866 648 233 1067 908 464 794 1094 228 215 1091 3164 2494 2710 872 146 243 2368 6025 3472 5354 2338 207 242 2200 5810 3703 5529 2272 140 89 928 2405 1511 2439 948 91 65 149 662 946 442 86 50 31 364 1956 2058 1786 302 25 33 374 2896 4269 2913 301 15 26 202 1803 3213 1804 189 10 76 119 204 420 141 86 69 75 156 283 682 247 92 57 31 106 509 1339 363 34 10 22 31 401 1439 459 40 7 20 24 50 91 40 12 8 9 12 29 95 24 6 4 3 2 13 25 8 3 0 2 0 12 16 7 3 0 81 186 258 383 273 211 120 76 169 247 310 197 127 73 29 67 59 100 77 23 14 8 8 19 37 14 11 3 389 720 876 902 833 656 435 518 593 1020 1063 855 569 348 131 191 336 374 284 162 121 21 28 58 100 57 31 14 790 1554 1429 1301 1437 1525 1007 1149 1695 1858 1634 1767 1658 1092 454 629 782 770 716 610 371 86 136 184 161 167 99 48 1133 2869 2597 2062 2579 2950 1224 1894 4727 4095 3265 4034 4414 1726 969 2253 2010 1506 1825 2161 853 254 631 457 332 477 676 184 322 1057 2110 2058 2400 1034 253 819 2449 4866 4204 5009 2524 596 614 1911 3157 2351 3113 1794 402 230 693 909 542 997 737 163 30 102 481 828 534 81 63 147 450 1714 2803 1952 366 105 110 493 2045 2729 2075 416 55 36 244 768 943 828 252 43 21 34 82 170 43 27 30 38 84 276 745 243 55 31 32 51 359 1426 453 50 8 17 48 216 622 373 53 13 97 156 203 463 225 96 33 36 107 111 297 97 63 38 3 21 47 131 20 10 5 19 11 5 59 5 6 0 967 2023 2344 2901 2069 2061 1041 1136 1817 2036 2471 2338 1846 993 353 564 507 697 572 478 218 45 40 45 156 100 89 51 5539 6569 5875 7034 5997 6542 5420 6951 7306 7265 8224 7109 7645 6905 2217 2135 2540 3020 2530 2189 2328 290 292 376 604 444 365 222 12801 12190 10287 11223 9909 11990 12759 20555 18502 16057 14948 15923 18089 19915 8936 7328 6635 6336 6814 7385 8091 1697 1546 1503 1363 1413 1531 1535 26935 21893 16321 19174 14824 19947 25771 47986 48867 31593 29422 29334 47160 45953 23938 27840 16930 17051 16027 27368 21506 6402 8717 4672 4785 4342 7999 5386 6214 8316 10300 15806 9196 7780 4911 16823 27548 27790 36516 26218 26599 13569 10115 20100 18146 25714 17262 19465 7592 3849 8034 6413 8985 5647 7131 2594 171 375 1078 3143 867 211 143 757 2070 4134 12244 4187 1619 464 621 2053 4264 13771 3929 2061 368 339 1395 2017 6654 1997 1141 144 13 15 60 235 83 26 32 44 52 182 1085 191 48 43 44 62 201 2472 249 38 18 41 75 217 1834 358 52 14 294 613 844 1811 891 538 192 161 399 599 1538 573 384 237 51 92 119 575 89 66 19 38 108 155 1717 182 119 74 4008 5504 5078 7893 4963 5648 3590 4811 7479 6087 7966 6124 6985 5001 1683 2090 1704 1964 2032 1876 1381 285 217 234 386 461 291 201 22195 18362 14016 18994 13783 17955 20404 35184 27194 22033 25831 21498 26700 34110 12308 9006 8727 9006 8956 8956 11831 1753 1304 1439 1891 1617 1237 1469 57897 34119 28856 37664 27642 32115 54253 111325 66193 59873 58250 57373 63677 105868 51129 30831 28527 26249 28316 30275 45146 9870 6160 5863 6009 5941 6327 8685 273129 71750 34030 66297 31334 60299 253499 596952 202365 83790 113072 79125 195904 559863 307537 118396 50603 77389 49313 121787 251687 80402 33175 14938 28112 13783 31967 58886 85433 30456 13935 36753 11164 24593 73018 276723 130596 50457 100491 46712 129612 233280 172788 98924 36634 91655 35608 94479 129366 61743 36832 13746 44759 12683 30571 39524 993 867 1022 5924 854 554 924 7508 6894 4814 21731 4071 5770 3471 6803 9518 5783 30429 5114 7537 3429 3942 6519 3313 23153 3200 4283 1202 28 23 125 666 108 20 61 104 114 200 2354 146 87 62 82 188 213 4447 268 95 35 80 266 266 5213 378 122 15 52 101 159 292 194 111 38 25 69 114 247 85 51 38 5 19 28 83 29 8 7 1 7 8 41 9 2 6 785 1339 1394 1857 1451 1281 669 1010 1945 1698 2035 1773 1867 895 409 580 631 736 640 507 282 72 98 103 154 137 75 69 3660 4620 4348 4557 3961 4412 3512 6933 7446 6135 6747 6137 7276 6699 2609 2587 2701 3019 2575 2490 2493 503 423 651 712 491 497 385 9154 8392 7264 7659 6804 8046 8559 20486 17789 14619 12843 14224 17116 20483 11151 8905 7666 6780 7505 8719 9596 2694 2279 1993 1671 1851 2353 2369 16633 13553 8589 10698 7472 11529 15462 41084 43839 23005 18854 20566 42210 40027 25812 30964 15729 14326 14901 29079 22899 9511 10949 5703 6010 5172 10116 7972 3723 3719 3330 5885 2738 2818 3436 11984 20766 16020 16173 13754 19966 9687 8574 19525 15590 21535 14428 19005 6027 4199 9371 7809 14046 7071 8373 2660 159 170 629 1356 398 120 164 591 1313 2001 4953 1773 1107 440 537 1842 3488 10402 3031 1884 221 343 1449 2482 10013 2474 1179 152 28 17 125 232 96 13 26 52 61 179 655 134 54 41 27 63 202 1799 162 38 17 64 60 302 2547 327 44 9 12 17 31 237 49 21 6 6 8 21 206 23 6 14 2 3 10 100 14 0 1 2 4 8 21 0 0 0 41 92 171 319 190 116 32 44 110 132 154 111 52 29 21 34 75 75 52 33 19 9 19 21 31 23 10 3 96 220 350 559 469 251 56 168 392 434 327 386 360 192 121 190 230 219 207 164 129 48 55 64 112 84 41 29 204 394 647 1013 753 444 152 521 968 811 577 658 950 453 338 563 519 444 560 553 315 123 230 205 173 236 233 134 275 524 812 2218 791 474 238 737 1801 1619 1135 1390 1774 716 571 1701 1524 1069 1394 1728 507 347 970 840 523 720 1001 330 95 191 350 1317 301 134 92 240 715 1403 1066 1232 710 200 244 1012 2218 1699 2098 1213 173 249 950 1596 975 1605 938 177 28 37 103 315 57 18 12 54 118 350 500 319 108 42 24 244 973 1534 960 162 16 27 260 1147 1696 1210 244 13 20 34 75 88 39 8 8 32 50 92 138 119 26 24 23 46 166 415 113 28 12 17 19 190 620 358 35 10 0 1 0 0 1 0 0 0 0 1 0 0 0 0 0 0 0 1 0 0 0 0 0 0 1 0 0 0 14 24 20 39 30 21 13 6 38 63 96 55 41 14 17 17 40 60 27 16 2 0 2 4 8 5 3 0 58 92 88 124 124 125 28 108 219 278 303 223 217 144 85 86 151 213 166 73 52 24 6 14 26 16 27 8 117 185 176 177 215 156 97 299 513 568 506 559 502 311 202 258 365 390 354 241 211 34 70 68 76 86 64 45 174 267 283 229 252 309 178 642 1260 999 843 969 1113 595 576 708 768 678 743 731 428 186 194 180 137 189 249 189 56 112 227 154 185 106 38 246 684 1018 684 913 569 291 354 603 867 655 798 580 341 235 246 303 189 270 325 190 13 17 99 77 36 13 3 28 120 419 397 409 117 39 96 161 456 558 445 159 68 56 146 305 270 283 142 61 2 7 39 22 8 6 17 11 23 57 145 37 3 14 33 32 97 176 100 34 8 20 14 86 189 154 46 11 1 1 0 5 4 0 2 0 2 1 19 1 0 1 0 0 0 2 0 0 0 0 1 0 14 0 0 0 90 170 243 367 226 214 79 213 611 631 671 649 575 258 100 224 249 269 288 223 113 9 30 34 70 35 40 17 577 798 681 789 718 679 472 1809 2635 2361 2407 2386 2675 1940 809 1045 1056 1341 1137 1055 861 140 147 159 287 261 245 166 1242 1129 955 1034 798 939 934 5111 4697 3944 3675 4103 4586 4661 3034 2395 2473 2323 2567 2524 2890 728 524 616 550 692 593 656 2574 1457 1141 1678 912 1151 2306 12988 9058 5809 5268 5440 8131 12996 9520 6505 4289 3775 4069 6183 8504 3420 2149 1307 1453 1354 2198 3087 777 570 781 1352 542 500 575 4970 5245 4422 4608 3988 5082 4751 4343 5073 3855 3804 3491 4713 3735 2424 2469 1454 1879 1439 2121 1772 52 37 277 660 114 18 21 224 460 1019 2005 806 454 136 306 540 891 1602 790 547 154 198 389 478 1066 460 471 125 6 13 75 102 35 9 8 19 12 130 306 65 12 19 24 15 79 226 41 16 24 22 33 45 371 137 65 18 0 0 4 107 0 0 1 3 16 10 142 9 9 0 0 0 3 89 1 0 0 0 0 7 265 8 0 0 362 558 589 1018 720 742 324 1344 2751 2464 2963 2578 2757 1270 583 1198 1027 1657 1083 1040 460 126 162 147 1155 216 163 93 2032 1973 1525 1894 1542 1989 1904 10686 10141 6554 6393 6751 10380 10838 4612 4830 3658 3946 3456 4653 5933 914 771 794 976 760 821 927 4522 2792 2571 4638 2721 2633 3886 26748 17315 14636 13118 14764 16215 24400 15541 10157 10668 8926 10530 10697 15063 3844 2586 2863 2482 2792 2490 3935 23053 4203 2575 11695 2318 3008 20206 145621 35789 16759 20420 16432 31708 135833 113179 29113 14794 16732 14491 27732 98308 43271 9744 5399 7380 5157 9384 37733 9512 1987 1524 9757 928 1411 8248 83046 23672 7343 15097 6713 22987 70879 73324 25395 7788 15573 7506 25241 55579 35000 11066 3186 8121 3386 10140 23575 230 86 688 3657 351 57 160 2803 1360 1129 4693 834 1472 1731 3676 2387 1100 5215 947 2451 1743 1983 1728 732 3489 770 1495 968 3 4 81 672 111 2 6 25 33 179 933 115 24 20 14 65 41 659 73 22 43 47 86 55 946 170 115 35 0 0 0 9 0 0 0 0 0 0 9 0 0 0 0 0 0 14 0 0 0 0 0 0 8 0 0 0 51 119 162 244 123 151 50 195 398 427 529 473 505 202 80 212 233 309 204 172 102 18 29 29 97 54 57 9 304 453 431 454 396 530 260 1556 1898 1529 1639 1747 2018 1709 727 927 817 1095 918 960 931 176 150 200 266 231 166 162 746 681 583 822 509 671 687 4173 3695 3218 2913 3168 3601 4018 2652 2388 2123 1819 2253 2381 2615 867 652 642 538 678 728 702 1553 826 830 2272 657 631 1457 9151 7045 3903 3502 3641 6205 8675 7097 6038 3561 3195 3487 5995 7087 3334 2641 1544 1661 1504 2622 3183 434 257 980 2358 499 178 382 3033 3426 2611 2801 2152 3321 2806 2967 4107 2730 4277 2918 4391 2504 1902 2324 1719 3031 1579 2222 1359 25 15 598 1042 244 6 19 150 244 484 1171 452 223 160 186 430 665 2076 683 424 108 153 397 519 1989 543 427 86 2 10 101 104 41 3 12 14 13 115 226 82 4 16 28 24 45 288 47 24 38 23 23 57 431 188 58 6 0 0 0 0 0 0 0 0 0 0 6 0 1 0 0 0 0 13 0 0 0 0 0 0 0 0 0 0 2 8 10 24 15 4 6 8 13 19 63 16 8 4 12 16 12 67 23 16 0 0 1 6 23 6 5 0 2 18 29 105 42 31 11 38 67 60 70 61 54 48 40 62 55 90 74 50 28 7 12 21 50 27 19 10 14 28 84 219 84 32 30 72 148 161 145 142 143 96 90 107 185 146 152 126 64 34 60 58 70 63 70 34 46 51 101 838 76 53 33 168 265 323 283 266 312 140 207 418 334 294 290 392 194 94 236 198 171 178 148 134 22 29 128 1135 82 14 16 70 158 297 212 239 125 34 92 239 460 412 387 220 60 71 217 323 324 295 243 108 5 6 107 359 39 12 4 17 22 146 119 88 16 8 27 23 132 297 146 28 18 21 59 122 274 194 119 11 5 4 22 25 13 8 5 15 16 31 56 48 23 4 43 10 41 110 52 16 23 18 7 51 177 141 43 3 0 0 0 0 0 0 0 0 0 0 0 0 0 0 0 0 0 0 0 0 0 0 0 0 0 0 0 0 0 2 3 3 5 1 0 1 1 8 12 0 0 0 0 0 0 8 0 0 0 0 0 0 0 0 0 0 0 1 18 24 18 6 1 15 15 38 27 53 6 2 2 3 33 25 21 10 3 3 0 1 5 1 4 0 1 6 16 32 14 27 3 31 36 64 57 57 53 23 28 37 91 68 59 35 17 3 5 18 41 10 10 11 8 28 36 50 30 31 19 46 102 117 79 112 93 81 81 98 131 102 100 126 42 33 44 51 30 37 24 30 14 17 74 51 31 15 36 40 96 154 112 98 73 54 87 101 120 72 61 91 74 41 45 62 15 60 68 35 5 7 64 80 29 20 9 27 57 152 126 78 22 14 29 52 64 66 49 29 24 7 16 51 58 42 33 23 60 57 92 224 89 82 37 54 81 97 162 93 50 41 41 50 61 112 60 26 21 29 48 80 135 64 39 12 0 0 0 0 0 0 0 0 0 0 0 0 0 0 0 0 0 0 0 0 0 0 0 0 0 0 0 0 2 2 6 15 4 3 0 6 16 16 54 23 13 6 2 12 9 19 9 1 0 0 0 0 17 4 4 0 8 15 17 82 58 41 12 129 185 248 240 242 270 145 84 168 112 139 151 168 82 10 9 36 44 27 33 23 37 33 56 221 52 46 34 501 438 382 359 401 461 442 276 347 326 318 376 393 360 88 76 84 71 68 105 95 112 58 97 644 67 49 77 1378 804 618 652 532 680 1219 1486 735 458 450 478 722 1212 515 258 236 209 169 265 528 96 73 147 560 48 11 49 765 603 603 827 396 486 607 974 651 401 514 321 537 724 431 336 212 251 201 296 445 34 26 135 329 41 12 19 45 77 332 715 151 74 26 81 115 110 235 99 95 26 45 72 50 158 96 69 54 6 14 46 131 38 16 26 35 25 102 161 61 14 11 25 31 15 101 37 20 22 10 19 22 109 63 22 30 0 0 0 0 0 0 0 0 0 0 0 0 0 0 0 0 0 0 0 0 0 0 0 0 0 0 0 0 2 18 8 91 12 4 0 40 98 125 217 112 84 40 30 90 82 157 139 74 16 1 10 13 456 21 6 4 44 94 92 257 62 60 36 561 943 807 772 740 941 784 399 540 448 431 526 652 583 97 84 96 164 110 182 91 74 99 127 1552 101 121 100 2277 1435 1038 1254 1163 1651 2208 1930 1454 1298 1121 1270 1475 2186 571 367 354 310 393 513 642 501 127 212 6192 177 120 380 11494 2833 1742 3347 1673 2316 10604 14113 3468 2265 2330 2316 3197 13131 6217 1143 982 1115 955 1092 6154 468 116 350 3631 186 43 283 9396 1960 828 2282 714 1972 7577 12712 3496 1063 1921 891 3453 8995 6591 1235 427 1247 468 1220 4726 28 21 257 1270 156 9 10 516 161 371 1390 230 157 287 1010 284 182 702 200 342 464 658 313 136 572 111 142 201 13 19 69 204 51 8 19 26 22 123 481 69 21 30 34 53 31 121 53 23 35 46 33 43 175 100 12 29 0 0 0 0 0 0 0 0 0 0 0 0 0 0 0 0 0 0 0 0 0 0 0 0 0 0 0 0 1 0 2 7 2 1 0 4 12 19 23 7 5 3 0 0 11 3 14 1 0 0 8 2 30 0 0 0 15 23 23 44 36 24 10 110 179 144 158 161 142 77 59 76 117 104 72 120 74 21 35 25 26 52 38 22 40 17 53 205 42 14 39 276 330 256 241 252 346 333 362 270 211 210 298 329 366 79 115 112 96 104 128 96 70 39 120 1672 61 36 74 935 629 528 545 471 671 861 1070 799 460 452 501 672 1059 469 403 276 276 197 267 405 43 39 218 900 130 20 92 484 413 374 414 325 316 379 654 682 448 588 490 615 580 500 385 331 555 268 281 331 13 11 179 273 94 9 4 38 50 222 306 151 43 38 97 78 107 377 143 72 48 59 85 133 266 84 58 34 10 22 64 89 16 11 37 41 15 94 159 69 19 32 44 36 18 109 57 28 46 29 12 34 206 42 18 19 0 0 0 0 0 0 0 0 0 0 0 0 0 0 0 0 0 0 0 0 0 0 0 0 0 0 0 0 0 1 0 2 2 0 0 0 0 0 20 0 0 0 0 0 0 10 0 0 0 0 1 0 0 0 0 0 3 4 7 16 8 4 1 0 4 3 12 13 8 2 0 5 16 12 4 3 0 2 3 5 3 3 4 8 4 5 22 110 25 12 2 15 7 8 9 20 24 8 11 17 33 15 26 33 18 3 12 18 13 11 15 0 12 9 53 617 33 10 12 29 37 40 31 45 33 18 26 59 54 46 88 94 27 16 43 33 28 18 45 44 13 22 58 364 20 6 9 36 44 88 52 62 37 18 34 46 63 100 80 55 12 13 42 58 42 75 56 44 19 28 66 112 24 16 17 16 14 59 54 38 13 17 28 26 41 62 40 23 28 9 14 34 66 58 41 28 44 59 100 142 53 51 44 58 73 134 197 110 39 34 68 50 72 179 111 38 57 58 70 61 220 84 40 25 
# labels_transition
"L", "v", "\dot v(t)", "\dot h(t)", "\dot \psi(t)", "\dot v(t+1)", "\dot h(t+1)", "\dot \psi(t+1)" 
# G_transition
0 0 0 0 0 1 1 1 
0 0 0 0 0 1 0 1 
0 0 0 0 0 1 0 0 
0 0 0 0 0 0 1 0 
0 0 0 0 0 0 0 1 
0 0 0 0 0 0 0 0 
0 0 0 0 0 1 0 1 
0 0 0 0 0 0 0 0 
# r_transition
4 8 5 7 7 5 7 7 
# N_transition
0 0 0 0 0 0 0 0 0 0 0 0 0 0 0 0 0 0 0 0 11 3 0 0 0 12 2 0 0 0 17 3 0 0 0 7 0 0 0 0 63 4 0 0 0 27 7 0 0 0 8 0 0 0 0 16 0 0 0 0 144 9 0 0 0 54 8 0 0 0 13 1 0 0 0 11 4 0 0 0 370 11 0 0 0 151 11 0 0 0 46 6 0 0 0 84 9 0 0 0 605 9 0 0 0 332 18 0 0 0 172 16 0 0 0 126 4 0 0 0 536 4 0 0 0 403 10 0 0 0 234 6 0 0 0 143 7 0 0 0 1268 4 0 0 0 1288 18 0 0 0 796 10 0 0 0 679 8 0 0 0 0 0 0 0 0 0 0 0 0 0 0 0 0 0 0 0 0 0 0 0 0 64 1 0 0 0 25 2 0 0 0 18 3 0 0 0 0 0 0 0 4 154 16 0 0 0 53 9 0 0 0 3 2 0 0 0 5 2 0 0 3 179 19 0 0 0 90 15 0 0 0 20 5 0 0 0 20 3 0 0 22 642 28 0 0 2 613 50 0 0 1 331 35 0 0 0 131 13 0 0 51 1002 21 0 0 15 1469 48 0 0 2 1032 58 0 0 4 398 29 0 0 64 901 10 0 0 31 1775 42 1 0 14 1384 37 0 0 4 635 22 0 0 215 1800 8 0 0 167 2907 51 0 0 87 2101 29 0 0 52 1087 31 0 0 0 0 0 0 0 0 0 0 0 0 0 0 0 0 0 0 0 0 0 0 0 3 26 3 0 0 0 166 0 0 0 0 50 0 0 0 0 26 1 0 0 3 208 5 0 0 1 108 7 0 0 0 16 1 0 0 0 20 3 0 0 6 276 14 0 0 1 440 26 0 0 1 141 6 0 0 0 74 2 0 0 35 1527 43 0 0 19 4130 88 0 0 10 2736 49 0 0 4 715 27 0 0 97 2643 33 0 0 137 11287 112 0 0 101 11377 126 0 0 17 4207 47 0 0 128 2958 15 0 0 242 11932 71 0 0 182 15255 86 0 0 78 7332 57 0 1 341 4085 15 0 0 457 14844 91 0 0 349 12698 59 0 1 154 7899 39 0 0 0 0 0 0 0 0 0 0 0 0 0 0 0 0 0 0 0 0 0 0 0 2 22 1 0 0 1 14 1 0 0 2 0 0 0 0 0 2 0 0 0 8 70 2 0 0 0 58 7 0 0 0 5 2 0 0 0 11 1 0 0 8 189 9 0 0 9 213 7 0 0 0 50 3 0 0 1 28 3 0 0 33 951 14 0 0 49 1673 37 0 0 26 884 13 0 0 6 291 6 0 0 123 1698 13 0 0 266 4010 23 0 0 192 3691 18 0 0 64 1208 4 0 0 174 1624 5 0 0 395 4497 11 0 0 390 4818 7 0 0 180 2259 5 0 1 288 1807 5 0 1 587 5321 20 0 1 517 4292 12 0 0 277 2615 8 0 0 0 0 0 0 0 0 0 0 0 0 0 0 0 0 0 0 0 0 0 0 0 1 6 0 0 0 0 10 0 0 0 0 12 0 0 0 0 0 0 0 0 1 28 0 0 0 0 27 0 0 0 0 20 0 0 0 0 8 0 0 0 3 53 0 0 0 1 56 0 0 0 0 21 0 0 0 0 10 0 0 0 8 259 0 0 0 3 320 0 0 0 1 127 0 0 0 2 38 0 0 0 37 516 0 0 0 27 526 0 0 0 13 222 0 0 0 7 103 0 0 0 56 521 0 0 0 58 606 0 0 0 36 347 0 0 0 10 121 0 1 3 130 953 0 0 0 156 1500 0 0 0 100 703 0 0 2 46 481 1 2 0 0 0 2 1 0 0 0 11 1 0 0 0 1 1 0 0 0 153 23 0 0 0 204 29 0 0 0 110 16 0 0 0 7 8 0 0 0 242 22 0 0 0 152 19 0 0 0 93 6 0 0 0 32 8 0 0 0 622 64 0 0 0 291 50 0 0 0 107 12 0 0 0 44 8 0 0 0 2727 105 0 0 0 913 108 0 0 0 410 41 0 0 0 167 19 0 0 0 3484 41 0 0 0 1451 81 0 0 0 700 56 0 0 0 237 17 0 0 0 1538 9 0 0 0 1260 27 0 0 0 815 25 0 0 0 344 12 0 0 0 1766 3 0 0 0 1421 12 0 0 0 860 12 0 0 0 435 9 0 0 0 0 8 0 0 0 0 18 3 0 0 0 18 4 0 0 0 5 0 0 0 0 244 29 0 0 0 237 41 0 0 0 94 16 0 0 0 35 9 0 0 1 664 107 0 0 0 587 88 0 0 0 89 16 0 0 0 45 11 0 0 17 2320 245 0 0 1 1929 254 0 0 0 491 79 0 0 0 142 27 0 0 197 11211 669 0 0 22 12735 1125 0 0 6 6181 667 0 0 3 1826 234 0 0 494 13782 280 0 0 86 25960 1028 0 0 31 19419 1063 0 0 12 7092 466 0 0 291 7338 84 0 0 185 21155 417 0 0 101 21284 667 0 0 23 10744 420 0 0 271 3116 24 0 0 261 10269 146 0 0 162 12321 233 0 0 67 7973 215 0 0 0 0 228 1 0 0 0 316 1 0 0 0 294 2 0 0 1 824 0 0 0 4 912 26 0 0 3 1088 37 0 0 2 455 18 0 0 5 849 10 0 0 7 2339 127 0 0 7 2791 99 0 0 2 520 21 0 0 0 156 12 0 0 50 9934 405 0 0 35 16419 404 0 0 9 5849 146 0 0 0 1399 41 0 0 519 58436 1025 0 0 497 144560 1928 0 0 219 90785 1136 0 0 45 24900 322 0 0 1348 70508 481 0 0 2205 307971 1911 0 0 1419 296445 1845 0 0 464 108457 785 0 0 1121 34623 112 0 0 2645 199823 701 0 0 2437 280049 1050 0 0 1030 145607 627 0 0 501 10343 46 0 1 1417 62909 205 0 1 1736 115893 329 0 1 1073 86306 278 0 0 0 0 13 0 0 0 1 7 1 0 0 1 14 2 0 0 1 8 0 0 0 4 201 12 0 0 2 126 18 0 0 0 56 17 0 0 4 25 11 0 0 11 986 61 0 0 17 887 40 0 0 1 160 9 0 0 0 88 4 0 0 45 3941 121 0 0 78 3811 98 0 0 21 1277 29 0 0 7 282 12 0 0 629 18506 199 0 0 902 27682 273 0 0 420 14933 120 0 0 123 3921 37 0 0 1644 21268 81 0 0 3654 56535 131 0 0 2588 44970 91 0 0 851 16085 23 0 0 1230 9482 12 0 0 3484 35405 40 0 0 3768 42559 25 0 0 1745 21947 13 0 1 449 3196 4 0 4 1389 12127 25 0 0 2008 17539 14 0 1 1428 13050 6 0 0 0 0 6 0 0 0 0 17 0 0 0 0 32 0 0 0 0 7 0 0 0 2 80 0 0 0 0 173 0 0 0 0 136 0 0 0 0 76 0 0 0 1 275 0 0 0 0 203 0 0 0 0 52 0 0 0 0 45 0 0 0 6 752 0 0 0 1 635 0 0 0 0 111 0 0 0 0 49 0 0 0 70 2347 0 0 0 35 2241 0 0 0 10 712 0 0 0 6 238 0 0 0 245 2625 0 0 0 247 3315 0 0 0 120 1583 0 0 0 36 474 0 0 0 248 1351 0 0 0 369 2542 0 0 0 260 1491 0 0 0 76 550 0 0 0 151 691 0 0 1 264 1638 0 0 2 206 1095 0 0 0 119 670 713 144 0 0 0 235 48 0 0 0 179 39 0 0 0 49 8 0 0 0 1931 118 0 0 0 335 57 0 0 0 175 21 0 0 0 78 10 0 0 0 4278 338 0 0 0 716 152 0 0 0 229 40 0 0 0 86 8 0 0 0 11100 649 0 0 0 1743 393 0 0 0 476 125 0 0 0 145 38 0 0 0 31141 944 0 0 0 6092 743 0 0 0 2159 370 0 0 0 761 114 0 0 0 18113 274 0 0 0 7371 340 0 0 0 3425 203 0 0 0 1105 66 0 0 0 5686 23 0 0 0 5494 76 0 0 0 2928 73 0 0 0 979 48 0 0 0 2956 9 0 0 0 2957 23 0 0 0 2043 20 0 0 0 820 9 0 0 0 0 1640 139 0 0 0 376 75 0 0 0 242 39 0 0 0 80 13 0 0 3 1974 318 0 0 0 892 190 0 0 0 111 43 0 0 0 76 22 0 0 45 9811 1446 0 0 3 5912 1011 0 0 0 630 149 0 0 0 164 35 0 0 359 35335 4178 0 0 11 22065 3164 0 0 0 5075 993 0 0 0 1092 257 0 0 2111 136044 8471 0 0 153 110407 9836 0 0 36 44422 4857 0 0 10 11657 1372 0 0 2373 118097 2058 0 0 759 170174 6547 0 0 240 105864 6008 0 0 75 36842 2574 0 0 1110 32855 273 0 0 1011 85508 1702 0 0 488 79678 2621 0 0 129 40453 1760 0 0 402 4709 28 1 0 577 16705 202 0 0 471 25897 486 0 0 134 17600 498 0 0 0 4 2998 59 0 0 0 2419 74 0 0 1 1786 38 0 0 1 4861 12 0 0 13 8373 419 0 0 3 8179 289 0 0 0 447 46 0 0 2 264 19 0 0 103 44685 1797 0 0 47 45110 1191 0 0 6 5739 207 0 0 1 1409 53 0 0 537 170206 5147 0 0 306 170713 3970 0 0 43 46940 1252 0 0 11 9981 315 0 0 5753 829423 10098 0 0 3762 1131973 12993 0 0 1223 566789 6039 0 0 274 141628 1612 0 0 12707 613941 2096 0 0 14497 1754942 6966 0 0 7128 1428101 6157 0 0 2062 502004 2486 0 0 4748 122345 250 0 0 9773 619097 1398 0 0 7706 839245 2260 0 0 3142 465603 1439 0 1 776 12496 24 0 3 2130 84475 212 0 1 3003 193897 391 0 1 1810 166667 441 0 0 0 2 341 50 0 0 1 263 70 0 0 0 90 39 0 0 0 47 9 0 0 9 2615 151 0 0 16 1663 104 0 0 0 105 31 0 0 0 78 10 0 0 103 13851 472 0 0 84 8539 298 0 0 3 952 74 0 0 5 265 24 0 0 606 48090 933 0 0 432 32882 744 0 0 51 7567 224 0 0 17 1624 63 0 0 7094 175314 1067 0 0 5370 180007 1274 0 0 1755 71591 648 0 0 426 18005 197 0 0 12344 116942 145 0 0 17393 231140 416 0 0 8854 148998 271 0 0 2526 49492 129 0 0 3657 23532 23 0 0 8440 75357 41 0 0 8039 91295 48 0 0 3550 47144 43 0 3 530 2650 4 0 8 1617 11718 11 0 9 2626 22322 16 0 0 2013 19865 9 0 0 0 0 968 0 0 0 0 508 0 0 0 0 329 0 0 0 0 67 0 0 0 1 4040 0 0 0 0 608 0 0 0 0 275 0 0 0 0 71 0 0 0 16 5855 0 0 0 5 1575 0 0 0 0 339 0 0 0 0 109 0 0 0 115 9144 0 0 0 21 3662 0 0 0 2 921 0 0 0 2 238 0 0 0 1126 17701 0 0 0 359 11991 0 0 0 97 4383 0 0 0 11 1190 0 0 0 1569 10092 0 0 0 1598 14096 0 0 0 707 7821 0 0 0 182 2543 0 0 0 740 3073 0 0 0 1210 6368 0 0 0 1019 5793 0 0 0 408 2706 0 0 1 240 1131 0 0 3 503 2412 0 0 3 485 2389 0 0 2 295 1557 19581 4383 0 0 0 331 83 0 0 0 164 33 0 0 0 69 15 0 0 0 22336 1043 0 0 0 878 242 0 0 0 194 38 0 0 0 65 11 0 0 0 21396 1744 0 0 0 3036 844 0 0 0 521 160 0 0 0 124 42 0 0 0 24420 1997 0 0 0 7157 1525 0 0 0 1649 551 0 0 0 503 170 0 0 0 35483 1949 0 0 0 20028 2316 0 0 0 7413 1345 0 0 0 2207 459 0 0 0 22089 331 0 0 0 23028 664 0 0 0 11160 526 0 0 0 3312 158 0 0 0 7639 25 0 0 0 12341 76 0 0 0 8617 70 0 0 0 2346 46 0 0 0 2358 5 0 0 0 3966 12 0 0 0 3655 16 0 0 0 1109 5 0 0 0 2 51093 4154 0 0 0 995 232 1 0 0 199 57 0 0 0 108 30 0 0 17 20321 2853 0 0 0 5961 1139 0 0 0 562 179 0 0 0 109 37 0 0 81 64662 8608 0 0 7 28676 4604 0 0 0 4147 988 0 0 0 937 259 0 0 329 149944 15398 0 0 83 90091 12584 0 0 4 23556 4787 0 0 1 5425 1175 0 0 2101 368700 20086 0 0 937 326385 25196 0 0 194 131402 12851 0 0 37 31243 3548 0 0 3679 215075 2542 0 0 3052 303986 6811 0 0 1117 157571 5014 0 0 304 46351 2048 0 0 1510 30559 145 0 0 2594 77506 765 0 0 1530 61632 1186 0 0 427 26006 727 0 0 304 2255 23 0 0 687 8678 68 0 0 707 13644 158 0 0 253 8013 187 0 0 0 44 120906 1023 0 0 2 12207 251 0 0 0 1306 65 0 0 0 3030 32 0 0 98 87115 2670 0 0 30 38915 1335 0 0 1 2301 244 0 0 0 477 63 0 0 559 246329 8334 0 0 236 138789 5250 0 0 15 18036 1369 0 0 4 3574 293 0 0 2707 587235 14960 0 0 1250 432840 15095 0 0 168 117863 6350 0 0 26 22464 1570 0 0 19107 1842449 17314 0 0 13010 1884353 27742 0 0 3681 755965 15243 0 0 625 172572 4410 0 0 25293 729030 1399 0 0 30384 1374917 5406 0 0 13971 811160 4801 0 0 3439 264260 2222 1 0 4049 53404 101 0 0 9276 195804 423 0 0 6692 232262 860 0 0 2663 143278 731 0 0 403 4292 17 0 0 1050 16207 55 0 0 1399 40242 134 0 1 833 38441 147 0 0 0 5 32924 4256 0 0 1 1656 198 0 0 0 195 51 0 0 0 71 23 0 0 94 17551 493 0 0 48 7778 306 0 0 0 1065 85 0 0 0 242 18 0 0 722 67205 1244 0 0 343 37995 925 0 0 22 7447 325 0 0 4 1482 97 0 0 3486 157986 1344 0 0 1881 129642 1703 0 0 323 41764 970 0 0 56 8708 332 0 0 19961 320909 967 0 0 15831 391898 2148 0 0 5037 180210 2034 0 0 917 46519 761 0 0 18699 115670 107 0 0 28179 254684 384 0 0 14492 180234 564 0 0 4055 67202 270 0 0 2609 11877 10 0 0 6790 40929 21 0 0 6422 55998 35 0 0 3069 36497 44 0 5 344 1342 4 0 5 707 3583 2 1 3 1145 8753 3 0 0 935 10148 4 0 0 0 9 36904 0 0 0 0 1554 0 0 0 0 328 0 0 0 0 121 0 0 0 67 13596 0 0 0 2 1364 0 0 0 0 316 0 0 0 0 79 0 0 0 184 14400 0 0 0 8 4143 0 0 0 1 1154 0 0 0 1 305 0 0 0 761 18735 0 0 0 137 9321 0 0 0 15 3562 0 0 0 3 1096 0 0 0 2974 24805 0 0 0 1141 22456 0 0 0 354 14092 0 0 0 67 4816 0 0 0 1889 8710 0 0 0 2525 17321 0 0 0 1670 18172 0 0 0 560 7997 0 0 0 508 1889 0 0 0 1228 5185 0 0 0 1547 9097 0 0 0 881 6441 0 0 0 203 905 0 0 3 280 1307 0 0 2 399 1906 0 0 0 388 1992 178 59 0 0 0 133 40 0 0 0 35 18 0 0 0 33 9 0 0 0 1165 363 0 0 0 858 341 0 0 0 285 87 0 0 0 74 20 0 0 0 3804 1004 0 0 0 3895 1056 0 0 0 1199 387 0 0 0 237 69 0 0 0 7972 1137 0 0 0 9067 1778 0 0 0 3530 799 0 0 0 686 188 0 0 0 14852 875 0 0 0 22175 2088 0 0 0 10145 1411 0 0 0 2522 456 0 0 0 9721 150 0 0 0 20568 521 0 0 0 12887 517 0 0 0 4032 246 0 0 0 2441 10 0 0 0 8216 37 0 0 0 8222 42 0 0 0 3088 31 0 0 0 450 0 0 0 0 1699 3 0 0 0 2614 4 0 0 0 1391 2 0 0 0 0 1021 218 0 0 0 574 170 0 0 0 181 51 0 0 0 92 15 0 0 0 11274 2138 0 0 0 10260 2379 0 0 1 2647 757 0 0 0 390 130 0 0 10 38294 4677 0 0 11 44777 6547 0 0 3 14493 2482 0 0 0 2135 466 0 0 96 75112 6301 0 0 73 111659 12007 0 0 20 45220 6202 0 0 4 8925 1619 0 0 757 138713 7875 0 0 822 261404 19630 0 0 260 137819 12722 0 0 41 37811 4331 0 0 1128 63982 912 0 0 1989 174535 3931 0 0 1008 116030 3149 0 0 284 41167 1403 0 0 340 6340 36 0 0 1059 26553 165 0 0 979 27373 254 0 0 393 13480 148 0 0 59 428 1 0 0 205 1623 8 0 0 287 3161 32 0 0 220 2492 24 0 0 0 2 4928 208 0 0 2 3680 183 0 0 0 957 51 0 0 2 2371 15 0 0 37 34825 1690 0 0 28 41825 2481 0 0 3 11822 938 0 0 0 1905 177 0 0 441 121457 3369 0 0 437 185262 6258 0 0 96 65892 2732 0 0 13 10096 609 0 0 1629 265119 4678 0 0 2349 506188 11308 0 0 826 231954 7018 0 0 118 46466 2188 0 0 6374 780378 4761 0 0 10734 1796873 16682 0 0 4923 955666 12873 0 0 992 254187 5377 0 0 6355 273713 402 0 0 16416 953655 2373 0 0 10781 645552 2746 0 0 3676 233990 1580 0 0 761 10781 23 0 0 3288 52259 98 0 0 3385 65546 165 0 0 1828 43387 192 0 0 98 928 2 0 0 262 2842 3 0 1 332 5072 17 0 0 356 5976 22 0 0 0 2 915 51 0 0 1 578 48 0 0 0 156 22 0 0 0 68 6 0 0 53 8537 107 0 0 36 10855 179 0 0 4 3658 99 0 0 1 668 35 0 0 539 27923 238 0 0 620 45688 601 0 0 162 17831 348 0 0 24 3519 120 0 0 1840 53058 269 0 0 3135 111824 779 0 0 1232 57560 723 0 0 181 14585 359 0 0 5747 77423 159 0 0 11615 213214 724 0 0 5921 144417 1003 0 0 1441 52512 737 0 0 3983 21947 25 0 0 13015 93820 149 0 0 9883 92643 251 0 0 3773 48335 340 0 0 457 2586 4 0 0 2138 9966 8 0 0 2811 18063 25 0 0 1906 15706 27 0 2 109 435 0 0 3 215 944 2 0 1 292 1942 2 0 0 361 2862 2 0 0 0 2 455 0 0 0 0 283 0 0 0 0 138 0 0 0 0 36 0 0 0 5 1100 0 0 0 1 630 0 0 0 1 307 0 0 0 0 117 0 0 0 57 2131 0 0 0 9 2195 0 0 0 3 1227 0 0 0 1 420 0 0 0 209 3577 0 0 0 72 4741 0 0 0 12 3205 0 0 0 4 1321 0 0 0 483 4814 0 0 0 534 8317 0 0 0 227 8024 0 0 0 73 4546 0 0 0 289 2040 0 0 0 663 4611 0 0 0 627 7653 0 0 0 339 5934 0 0 0 78 452 0 0 0 239 1179 0 0 0 481 3187 0 0 0 405 3913 0 0 0 49 227 0 0 0 92 375 0 0 0 131 641 0 0 0 185 994 0 0 0 0 0 0 0 0 0 0 0 0 0 0 0 0 0 0 0 0 119 38 0 0 0 227 86 0 0 0 131 49 0 0 0 18 5 0 0 0 525 130 0 0 0 1137 362 0 0 0 645 191 0 0 0 85 36 0 0 0 1012 159 0 0 0 2800 491 0 0 0 1673 348 0 0 0 359 83 0 0 0 1713 106 0 0 0 6097 538 0 0 0 4235 430 0 0 0 1134 206 0 0 0 1022 12 0 0 0 4670 152 0 0 0 4233 182 0 0 0 1650 124 0 0 0 292 7 0 0 0 1747 9 0 0 0 2151 13 0 0 0 1333 14 0 0 0 102 0 0 0 0 318 2 0 0 0 595 2 0 0 0 575 2 0 0 0 0 7 0 0 0 0 14 6 0 0 0 1 0 0 0 0 8 0 0 0 0 1159 241 0 0 0 2871 695 0 0 0 1159 292 0 0 0 191 47 0 0 0 4287 488 0 0 0 14206 2015 0 0 0 6259 984 0 0 0 1166 224 0 0 7 6663 543 0 0 15 28298 2552 0 0 8 16429 1753 0 0 3 3832 531 0 0 41 10946 697 0 0 157 56287 4244 0 0 106 39574 3446 0 0 15 13440 1494 0 0 52 5310 144 0 0 310 33547 985 0 0 217 28660 983 0 0 79 13123 522 0 0 23 1185 17 0 0 184 5382 23 0 0 183 5126 50 0 0 98 3289 44 0 0 17 225 2 0 0 59 535 0 0 0 47 422 3 0 0 63 632 7 0 0 0 0 115 3 0 0 0 177 5 0 0 0 88 2 0 0 0 273 2 0 0 7 4151 187 0 0 6 15381 646 0 0 0 6686 323 0 0 4 1977 70 0 0 50 12590 327 0 0 172 59680 1634 0 0 66 29925 923 0 0 8 5674 224 0 0 170 23398 368 0 0 707 123772 2118 0 0 352 78849 1649 0 0 57 20130 591 0 0 468 66960 508 0 0 2215 396018 3125 0 0 1384 307515 3134 0 0 362 115040 1678 0 0 393 33514 107 0 0 2596 228092 523 0 0 2314 207186 814 0 0 978 92474 513 0 0 116 5122 13 0 0 587 13716 25 0 0 640 16979 44 0 0 426 10649 42 0 0 42 836 1 0 0 93 1241 3 0 0 78 845 5 0 0 126 1309 8 0 0 0 0 13 0 0 0 0 6 1 0 0 0 12 3 0 0 0 15 0 0 0 15 888 9 0 0 8 2685 37 0 0 2 1267 37 0 0 4 266 11 0 0 69 2745 15 0 0 213 11609 110 0 0 90 6099 88 0 0 10 1265 35 0 0 196 4426 21 0 0 883 23298 153 0 0 498 15245 191 0 0 90 4530 80 0 0 525 7659 22 0 0 2271 39008 149 0 0 1651 33817 245 0 0 529 15369 195 0 0 446 4639 17 0 0 2195 17628 33 0 0 2062 21180 63 0 0 930 12717 87 0 0 161 1791 4 0 0 407 2462 6 0 0 541 3889 9 0 0 400 3535 6 0 1 52 229 0 0 1 83 383 3 0 1 79 379 0 0 1 124 635 0 0 0 0 0 5 0 0 0 0 6 0 0 0 0 10 0 0 0 0 1 0 0 0 1 98 0 0 0 1 126 0 0 0 0 141 0 0 0 0 39 0 0 0 6 298 0 0 0 1 392 0 0 0 0 386 0 0 0 0 141 0 0 0 19 499 0 0 0 13 863 0 0 0 6 818 0 0 0 1 377 0 0 0 126 1185 0 0 0 72 1602 0 0 0 40 1971 0 0 0 12 1091 0 0 0 184 1351 0 0 0 104 991 0 0 0 126 1629 0 0 0 69 1438 0 0 0 81 460 0 0 0 61 356 0 0 0 79 541 0 0 0 78 654 0 0 0 17 62 0 0 0 37 148 0 0 0 48 244 0 0 0 55 372 0 0 0 0 0 0 0 0 0 0 0 0 0 0 0 0 0 0 0 0 3 0 0 0 0 15 3 0 0 0 6 2 0 0 0 0 0 0 0 0 49 5 0 0 0 122 33 0 0 0 66 27 0 0 0 7 5 0 0 0 85 6 0 0 0 276 47 0 0 0 284 52 0 0 0 74 20 0 0 0 194 9 0 0 0 584 51 0 0 0 631 70 0 0 0 219 30 0 0 0 214 8 1 0 0 609 24 0 0 0 610 25 0 0 0 303 23 0 0 0 204 4 0 0 0 458 0 0 0 0 336 4 0 0 0 236 6 0 0 0 651 2 0 0 0 583 2 0 0 0 371 3 0 0 0 397 2 0 0 0 0 0 0 0 0 0 0 0 0 0 0 0 0 0 0 0 0 0 0 0 0 19 2 0 0 0 105 26 0 0 0 36 12 0 0 0 19 3 0 0 3 212 16 0 0 0 1271 190 0 0 0 751 140 0 0 0 146 29 0 0 2 457 40 0 0 2 2760 258 0 0 1 2142 233 0 0 0 511 62 0 0 1 1027 57 0 0 14 5553 414 0 0 9 5122 438 0 0 3 1938 217 0 0 10 919 27 0 0 27 4210 148 0 0 21 4066 178 0 0 9 2100 88 0 0 18 572 6 0 0 44 1399 7 0 0 26 780 8 0 0 9 539 11 0 0 57 230 0 0 0 61 337 3 0 0 31 207 6 0 0 42 220 2 0 0 0 0 0 0 0 0 0 0 0 0 0 0 0 0 0 0 0 0 0 0 0 0 144 1 0 0 1 690 18 0 0 0 560 12 0 0 3 503 1 0 0 7 626 12 0 0 21 5346 134 0 0 8 3415 101 0 0 2 782 33 0 0 12 2124 25 0 0 61 10781 200 0 0 43 10365 202 0 0 10 3012 85 0 0 65 7607 49 0 0 229 33448 328 0 0 186 40010 411 0 0 52 17140 220 0 0 87 5016 27 0 0 290 24595 92 0 0 264 32004 143 0 0 108 15545 107 0 0 72 1723 2 0 0 145 3030 7 0 0 101 3103 8 0 0 81 2013 8 0 5 73 330 1 0 1 98 662 9 0 1 61 260 4 0 2 73 348 2 0 0 0 0 0 0 0 0 0 0 0 0 0 0 0 0 0 0 0 0 0 0 0 0 21 1 0 0 0 80 2 0 0 0 28 1 0 0 6 40 1 0 0 9 179 1 0 0 21 953 9 0 0 6 602 9 0 0 2 205 9 0 0 29 395 4 0 0 76 1935 14 0 0 43 1936 28 0 0 15 697 15 0 0 176 1961 5 0 0 245 4355 25 0 0 206 4719 38 0 0 81 2138 33 0 0 145 1321 9 0 0 258 2430 18 0 0 273 3678 20 0 0 118 2425 25 0 0 66 527 4 0 0 88 768 1 0 0 103 788 6 0 0 80 609 3 1 2 63 182 0 0 1 91 320 3 0 0 87 246 6 0 1 77 275 1 0 0 0 0 0 0 0 0 0 0 0 0 0 0 0 0 0 0 0 0 0 0 0 0 20 0 0 0 0 22 0 0 0 0 12 0 0 0 0 1 0 0 0 1 69 0 0 0 0 42 0 0 0 0 42 0 0 0 0 28 0 0 0 13 229 0 0 0 1 98 0 0 0 1 158 0 0 0 0 67 0 0 0 113 736 0 0 0 10 229 0 0 0 2 387 0 0 0 1 217 0 0 0 80 473 0 0 0 17 331 0 0 0 20 352 0 0 0 14 305 0 0 0 35 277 0 0 0 22 205 0 0 0 29 224 0 0 0 17 232 0 0 3 61 440 0 0 0 66 585 0 0 1 65 513 0 0 5 55 508 28366 2492 14 6 5 2 6 69436 4948 32 4 1 1 0 61099 4847 22 4 1 0 0 29364 2314 10 5 0 0 0 1958 295231 22422 17 5 1 0 4872 932830 53514 31 4 0 0 5117 948426 47176 14 2 0 0 2625 439712 20456 5 1 1 1 8 18505 2655545 95674 15 5 0 36 51142 4788618 120847 27 2 2 30 50001 3675930 66701 16 1 0 24 23847 1528466 23113 7 2 3 0 8 79547 5638224 89175 15 8 11 31 119174 5922686 134861 20 6 6 31 76307 2909530 65419 16 7 15 23 31230 959617 18923 12 4 1 0 7 72482 2050098 14162 21 0 7 39 134390 4727878 52343 37 5 3 29 75233 2729186 33229 21 1 4 15 26445 876561 11228 8 0 0 0 7 9918 199585 1814 0 1 5 35 49636 1072988 7174 1 2 7 29 36912 833926 6240 4 7 6 24 14521 327812 2490 0 0 1 1 13 1302 28920 0 0 2 11 33 6604 105924 0 1 0 7 38 6696 116317 1 1 4 14 20 3154 53200 0 0 0 0 0 0 0 0 0 0 0 0 0 0 0 0 0 0 0 0 0 0 0 0 0 0 0 0 3 0 0 0 0 0 0 2 0 0 0 0 0 0 0 0 0 0 0 0 0 0 0 0 0 0 0 0 18 1 0 0 0 0 0 3 0 0 0 0 0 0 0 0 0 0 0 0 0 0 1 0 0 0 0 0 49 8 0 0 0 0 0 27 0 0 0 0 0 0 0 0 0 0 0 0 0 2 0 0 0 0 0 0 170 17 0 0 0 0 0 163 13 0 0 0 0 0 52 5 0 0 0 0 0 13 0 0 0 0 0 0 299 33 0 0 0 0 0 306 15 0 0 0 0 0 61 10 0 0 0 0 0 42 2 0 0 0 0 0 135 18 0 0 0 0 0 140 8 0 0 0 0 0 54 7 0 0 0 0 0 28 3 0 0 0 0 0 149 8 0 0 0 0 0 185 17 0 0 0 0 0 157 9 0 0 0 0 0 106 11 0 0 0 0 0 0 0 0 0 0 0 0 0 0 0 0 0 0 0 0 0 0 0 0 0 0 0 0 0 0 0 0 0 0 5 1 0 0 0 0 0 0 0 0 0 0 0 0 0 0 0 0 0 0 0 0 0 0 0 0 0 3 55 10 0 0 0 0 1 31 7 0 0 0 0 0 8 0 0 0 0 0 0 3 1 0 0 0 0 8 104 10 0 0 0 0 5 67 6 0 0 0 0 0 5 0 0 0 0 0 1 3 0 0 0 0 0 14 308 39 0 0 0 0 12 357 30 0 0 0 0 7 106 16 0 0 0 0 0 13 4 0 0 0 0 26 582 63 0 0 0 0 22 492 60 0 0 0 0 6 173 18 0 0 0 0 1 40 4 0 0 0 0 17 407 57 0 0 0 0 11 294 39 0 0 0 0 8 83 10 0 0 0 0 3 46 10 0 0 0 0 11 243 29 0 0 0 0 15 227 41 0 0 0 0 11 102 23 0 0 0 0 10 113 31 0 0 0 0 0 0 0 0 0 0 0 0 0 0 0 0 0 0 0 0 0 0 0 0 0 0 0 0 0 0 0 0 0 0 12 1 0 0 0 0 0 1 1 0 0 0 0 0 1 1 0 0 0 0 0 0 1 0 0 0 0 8 82 13 0 0 0 0 4 44 6 0 0 0 0 0 18 1 0 0 0 0 0 4 0 0 0 0 0 20 121 16 0 0 0 0 10 123 14 0 0 0 0 1 42 2 0 0 0 0 0 22 2 0 0 0 0 31 570 59 0 0 0 0 36 711 60 0 0 0 0 14 271 26 0 0 0 0 5 106 10 0 0 0 0 63 999 89 0 0 0 0 42 1158 114 0 0 0 0 19 564 64 0 0 0 0 2 238 28 0 0 0 0 41 872 68 0 0 0 0 33 811 87 0 0 0 0 10 414 58 0 0 0 0 11 206 24 0 0 0 0 42 628 52 0 0 0 0 30 632 79 0 0 0 0 16 328 62 0 0 0 0 12 271 54 0 0 0 0 0 0 0 0 0 0 0 0 0 0 0 0 0 0 0 0 0 0 0 0 0 0 0 0 0 0 0 0 0 3 88 3 0 0 0 0 0 203 2 0 0 0 0 0 103 0 0 0 0 0 0 35 0 0 0 0 0 11 188 7 0 0 0 0 4 126 5 0 0 0 0 3 25 0 0 0 0 0 2 45 0 0 0 0 0 24 241 15 0 0 0 0 14 438 14 0 0 0 0 2 177 0 0 0 0 0 2 67 4 0 0 0 0 47 1533 48 0 0 0 0 66 4673 58 0 0 0 0 28 3232 21 0 0 0 0 9 904 10 0 0 0 0 69 3101 69 0 0 0 0 114 14060 93 0 0 0 0 43 15023 56 0 0 0 0 30 5370 24 0 0 0 0 63 4052 50 0 0 0 0 74 17305 78 0 0 0 0 42 21479 46 0 0 0 0 19 10169 25 0 0 0 0 74 8559 58 0 0 0 0 77 24984 75 0 0 0 0 55 20297 42 0 0 0 0 23 12291 46 0 0 0 0 0 0 0 0 0 0 0 0 0 0 0 0 0 0 0 0 0 0 0 0 0 0 0 0 0 0 0 0 0 4 10 0 0 0 0 0 3 16 1 0 0 0 0 0 0 0 0 0 0 0 0 0 0 0 0 0 0 15 68 9 0 0 0 0 8 30 0 0 0 0 0 1 1 0 0 0 0 0 3 3 0 0 0 0 0 18 126 9 0 0 0 0 9 102 7 0 0 0 0 1 18 0 0 0 0 0 5 31 1 0 0 0 0 40 463 35 0 0 0 0 50 462 31 0 0 0 0 28 261 14 0 0 0 0 14 145 6 0 0 0 0 57 643 43 0 0 0 0 103 1075 39 0 0 0 0 70 634 19 0 0 0 0 30 240 12 0 0 0 0 55 605 31 0 0 0 0 77 751 32 1 0 0 0 64 362 11 0 0 0 0 23 193 5 0 0 0 0 74 538 28 0 0 0 0 89 577 23 0 0 0 0 67 352 18 0 0 0 0 34 186 22 0 0 0 0 0 0 0 0 0 0 0 0 0 0 0 0 0 0 0 0 0 0 0 0 0 0 0 0 0 0 0 0 0 1 7 1 0 0 0 0 1 3 0 0 0 0 0 0 0 0 0 0 0 0 0 0 0 0 0 0 0 9 44 3 0 0 0 0 3 11 3 0 0 0 0 0 0 0 0 0 0 0 1 2 0 0 0 0 0 6 80 4 0 0 0 0 7 50 0 0 0 0 0 3 4 1 0 0 0 0 2 5 0 0 0 0 0 40 299 24 0 0 0 0 27 254 14 0 0 0 0 7 122 3 0 0 0 0 6 50 4 0 0 0 0 41 393 14 0 0 0 0 47 325 19 0 0 0 0 23 175 10 0 0 0 0 13 115 2 0 0 0 0 34 307 15 0 0 0 0 29 159 10 0 0 0 0 9 81 5 0 0 0 0 3 46 2 0 0 0 0 37 213 10 0 0 0 0 29 180 11 0 0 0 0 21 94 6 0 0 0 0 16 76 4 0 0 0 0 0 0 0 0 0 0 0 0 0 0 0 0 0 0 0 0 0 0 0 0 0 0 0 0 0 0 0 0 0 0 4 0 0 0 0 0 0 0 0 0 0 0 0 0 0 0 0 0 0 0 0 0 0 0 0 0 0 2 20 0 0 0 0 0 2 16 0 0 0 0 0 0 0 0 0 0 0 0 1 0 0 0 0 0 0 7 46 0 0 0 0 0 1 26 0 0 0 0 0 2 3 0 0 0 0 0 0 9 0 0 0 0 0 10 196 0 0 0 0 0 11 118 0 0 0 0 0 7 45 0 0 0 0 0 0 27 0 0 0 0 0 19 245 0 0 0 0 0 15 171 0 0 0 0 0 8 44 0 0 0 0 0 1 24 0 0 0 0 0 20 149 0 0 0 0 0 10 125 0 0 0 0 0 4 49 0 0 0 0 0 1 36 0 0 0 0 0 14 158 0 0 0 0 0 15 122 0 0 0 0 0 4 90 0 0 0 0 0 7 66 0 0 0 0 0 0 0 5 1 0 0 0 0 0 21 0 0 0 0 0 0 11 1 0 0 0 0 0 43 2 0 0 0 0 0 36 2 0 0 0 0 0 5 0 0 0 0 0 0 2 0 0 0 0 0 0 207 23 0 0 0 0 0 45 10 0 0 0 0 0 14 3 0 0 0 0 0 9 0 0 0 0 0 0 683 59 0 0 0 0 0 306 37 0 0 0 0 0 68 5 0 0 0 0 0 17 3 0 0 0 0 0 4987 332 0 0 0 0 0 2214 160 0 0 0 0 0 620 40 0 0 0 0 0 133 14 0 0 0 0 0 3243 242 0 0 0 0 0 1584 148 0 0 0 0 0 623 42 0 0 0 0 0 127 10 0 0 0 0 0 471 46 0 0 0 0 0 271 20 0 0 0 0 0 93 8 0 0 0 0 0 33 1 0 0 0 0 0 86 14 0 0 0 0 0 133 7 0 0 0 0 0 46 5 0 0 0 0 0 28 5 0 0 0 0 0 0 1 0 0 0 0 0 0 3 1 0 0 0 0 1 5 1 0 0 0 0 1 9 2 0 0 0 0 5 111 13 0 0 0 0 5 47 7 0 0 0 0 0 4 2 0 0 0 0 0 3 1 0 0 0 0 22 411 58 0 0 0 0 11 221 25 0 0 0 0 1 44 10 0 0 0 0 1 3 0 0 0 0 0 76 1446 170 0 0 0 0 34 887 99 0 0 0 0 7 172 21 0 0 0 0 0 30 8 0 0 0 0 341 7834 736 0 0 0 0 172 6191 541 0 0 0 0 44 1762 148 0 0 0 0 11 406 40 0 0 0 0 229 7096 641 0 0 0 0 128 5412 590 0 0 0 0 46 2150 214 0 0 0 0 15 457 53 0 0 0 0 39 1839 146 0 0 0 0 27 958 135 0 0 0 0 13 381 54 0 0 0 0 2 145 19 0 0 0 0 14 274 28 0 0 0 0 11 169 28 0 0 0 0 3 60 15 0 0 0 0 1 39 9 0 0 0 0 0 1 4 0 0 0 0 0 1 9 2 0 0 0 0 2 6 0 0 0 0 0 1 15 1 0 0 0 0 12 136 20 0 0 0 0 13 93 20 0 0 0 0 1 30 10 0 0 0 0 0 12 2 0 0 0 0 52 614 87 0 0 0 0 26 602 56 0 0 0 0 3 101 17 0 0 0 0 2 49 8 0 0 0 0 200 2424 262 0 0 0 0 104 2164 225 0 0 0 0 16 572 73 0 0 0 0 4 182 18 0 0 0 0 650 11784 968 0 0 0 0 533 13652 1211 0 0 0 0 147 5044 512 0 0 0 0 31 1241 151 0 0 0 0 560 12817 906 0 0 0 0 495 17601 1644 0 0 0 0 185 9153 982 0 0 0 0 46 2361 260 0 0 0 0 188 4611 346 0 0 0 0 99 6276 721 0 0 0 0 56 3617 491 0 0 0 0 19 1530 198 0 0 0 0 53 960 93 0 0 0 0 24 1232 165 0 0 0 0 3 762 124 0 0 0 0 4 403 75 0 0 0 0 0 0 235 1 0 0 0 0 2 319 2 0 0 0 0 2 333 1 0 0 0 0 3 718 2 0 0 0 0 22 825 26 0 0 0 0 15 1348 20 0 0 0 0 6 744 9 0 0 0 0 4 891 2 0 0 0 0 83 1872 69 0 0 0 0 62 2800 63 0 0 0 0 11 568 11 0 0 0 0 9 198 8 0 0 0 0 274 7961 252 0 0 0 0 248 16217 237 0 0 0 0 70 6216 61 0 0 0 0 19 1477 15 0 0 0 0 897 46407 735 0 0 0 0 1154 145031 1039 0 0 0 0 470 98511 427 0 0 0 0 112 27581 122 0 0 0 0 864 69813 728 0 0 0 0 1309 349278 1278 0 0 0 0 750 343873 701 0 0 0 0 210 128244 196 0 0 0 0 312 43465 276 0 0 0 0 487 251880 440 0 0 0 0 329 344539 346 0 0 0 0 144 179295 127 0 0 0 0 88 17752 89 0 0 0 0 115 88785 108 0 0 0 0 84 150290 78 0 0 0 0 59 110464 55 0 0 0 0 0 1 9 1 0 0 0 0 1 11 0 0 0 0 0 3 4 0 0 0 0 0 2 17 2 0 0 0 0 20 203 21 0 0 0 0 32 212 7 0 0 0 0 12 54 1 0 0 0 0 8 36 5 0 0 0 0 63 559 54 0 0 0 0 65 601 28 0 0 0 0 14 125 8 0 0 0 0 9 69 1 0 0 0 0 237 2023 175 0 0 0 0 214 1909 97 0 0 0 0 65 553 16 0 0 0 0 21 127 3 0 0 0 0 896 8851 522 0 0 0 0 1114 11715 442 0 0 0 0 510 4918 149 0 0 0 0 140 1226 25 0 0 0 0 850 9819 429 0 0 0 1 1527 15927 441 0 0 0 0 905 8080 156 0 0 0 0 263 2083 36 0 0 0 0 289 3533 139 0 0 0 0 600 5039 81 0 0 0 0 437 3491 48 0 0 0 0 185 1259 16 0 0 0 0 63 747 32 0 0 0 0 135 947 20 0 0 0 0 111 668 13 0 0 0 0 72 375 6 0 0 0 0 0 1 5 0 0 0 0 0 1 4 0 0 0 0 0 0 0 0 0 0 0 0 4 23 1 0 0 0 0 16 120 12 0 0 0 0 12 65 3 0 0 0 0 6 33 1 0 0 0 0 5 43 3 0 0 0 0 48 346 24 0 0 0 0 26 170 7 0 0 0 0 3 31 0 0 0 0 0 3 24 0 0 0 0 0 127 1248 78 0 0 0 0 79 819 30 0 0 0 0 18 165 3 0 0 0 0 10 50 1 0 0 0 0 630 6041 241 0 0 0 0 486 5032 162 0 0 0 0 140 1627 38 0 0 0 0 32 405 10 0 0 0 0 502 4888 157 0 0 0 0 455 4707 140 0 0 0 0 191 1825 43 0 0 0 0 47 467 11 0 0 0 0 126 1228 34 0 0 0 0 105 646 18 0 0 0 0 73 466 7 0 0 0 0 20 123 1 0 0 0 0 24 184 8 0 0 0 0 30 123 6 0 0 0 0 16 70 4 0 0 0 0 6 22 1 0 0 0 0 0 0 0 0 0 0 0 0 2 3 0 0 0 0 0 0 0 0 0 0 0 0 2 33 0 0 0 0 0 9 74 0 0 0 0 0 2 19 0 0 0 0 0 0 2 0 0 0 0 0 2 20 0 0 0 0 0 21 230 0 0 0 0 0 12 60 0 0 0 0 0 2 3 0 0 0 0 0 1 7 0 0 0 0 0 80 747 0 0 0 0 0 30 270 0 0 0 0 0 1 29 0 0 0 0 0 2 24 0 0 0 0 0 257 3531 0 0 0 0 0 154 2018 0 0 0 0 0 37 496 0 0 0 0 0 16 145 0 0 0 0 0 181 2316 0 0 0 0 0 146 1764 0 0 0 0 0 37 374 0 0 0 0 0 12 101 0 0 0 0 0 29 322 0 0 0 0 0 21 229 0 0 0 0 0 4 78 0 0 0 0 0 4 17 0 0 0 0 0 3 50 0 0 0 0 0 7 44 0 0 0 0 0 5 54 0 0 0 0 0 1 6 253 36 0 0 0 0 0 71 11 0 0 0 0 0 77 17 0 0 0 0 0 54 13 0 0 0 0 0 563 99 0 0 0 0 0 133 25 0 0 0 0 0 11 3 0 0 0 0 0 5 0 0 0 0 0 0 2388 283 0 0 0 0 0 901 74 0 0 0 0 0 127 12 0 0 0 0 0 34 2 0 0 0 0 0 11373 1194 0 0 0 0 0 5135 537 0 0 0 0 0 1314 162 0 0 0 0 0 280 40 0 0 0 0 0 53647 4254 1 0 0 0 0 24471 2244 0 0 0 0 0 6989 694 0 0 0 0 0 1439 150 0 0 0 0 0 18907 1571 0 0 0 0 0 12853 1170 0 0 0 0 0 4024 429 0 0 0 0 0 1156 105 0 0 0 0 0 803 93 0 0 0 0 0 662 76 0 0 0 0 0 338 40 0 0 0 0 0 94 13 0 0 0 0 0 208 24 0 0 0 0 0 149 21 0 0 0 0 0 64 14 0 0 0 0 0 38 3 0 0 0 0 0 30 351 84 0 0 0 0 16 79 22 0 0 0 0 14 95 22 0 0 0 0 15 89 21 0 0 0 0 74 1479 204 0 0 0 0 17 433 74 0 0 0 0 1 42 15 0 0 0 0 0 34 4 0 0 0 0 277 5721 677 0 0 0 0 82 2022 244 0 0 0 0 9 262 27 0 0 0 0 3 57 5 0 0 0 0 1045 23167 2673 0 0 0 0 396 10913 1088 0 0 0 0 77 2371 214 0 0 0 0 19 549 45 0 0 0 0 3477 101828 9290 0 0 0 0 1711 66177 5487 0 0 0 0 480 19976 1605 0 0 0 0 98 3436 297 0 0 0 0 1267 47962 4182 0 0 0 0 957 42243 3817 0 0 0 0 345 15999 1594 0 0 0 0 95 3534 334 0 0 0 0 92 3956 324 0 0 0 0 109 3734 438 0 0 0 0 62 2148 279 0 0 0 0 15 770 112 0 0 0 0 21 429 73 0 0 0 0 11 320 55 0 0 0 0 10 227 42 0 0 0 0 3 70 16 0 0 0 0 0 54 916 134 0 0 0 0 26 249 42 0 0 0 0 25 139 39 0 0 0 0 28 165 33 0 0 0 0 178 2876 312 0 0 0 0 67 1714 230 0 0 0 0 5 202 15 0 0 0 0 4 76 11 0 0 0 0 752 10057 1167 0 0 0 0 277 6657 794 0 0 0 0 31 857 87 0 0 0 0 7 213 18 0 0 0 0 2201 34740 3608 0 0 0 0 940 21115 2233 0 0 0 0 160 4974 559 0 0 0 0 29 929 96 0 0 0 0 6988 141478 12118 0 0 0 0 4011 110313 9478 0 0 0 0 1056 36720 3533 0 0 0 0 185 7200 775 0 0 0 0 3785 94476 7403 0 0 0 0 2767 110968 9820 0 0 0 0 1023 48312 4795 0 0 0 0 227 12066 1316 0 0 0 0 531 15947 1189 0 0 0 0 378 22211 2334 0 0 0 0 222 14829 1784 0 0 0 0 79 5164 662 0 0 0 0 66 1540 159 0 0 0 0 49 2181 271 0 0 0 0 25 1883 264 0 0 0 0 14 819 160 0 0 0 0 0 89 3194 90 0 0 0 0 35 2910 43 0 0 0 0 29 1904 20 0 0 0 0 29 4047 28 0 0 0 0 329 8201 273 0 0 0 0 214 6834 190 0 0 0 0 23 577 31 0 0 0 0 9 357 8 0 0 0 0 1246 39774 1131 0 0 0 0 795 41912 751 0 0 0 0 111 5383 98 0 0 0 0 22 1502 17 0 0 0 1 3275 129429 3130 0 0 0 0 2024 154121 1995 0 0 0 0 540 43442 491 0 0 0 0 92 9653 93 0 0 0 0 10097 599973 9357 0 0 0 0 8092 1026090 7589 0 0 0 0 2717 563144 2730 0 0 0 0 623 149920 576 0 0 0 0 6762 574228 6016 0 0 0 0 7601 1854388 7068 0 0 0 0 3491 1569432 3275 0 0 0 0 947 564012 911 0 0 0 0 1281 154943 1233 0 0 0 0 1820 756493 1686 0 0 0 0 1158 1002128 1145 0 0 0 0 462 553820 449 0 0 0 0 225 21136 179 2 0 0 0 230 117529 219 0 0 0 0 222 248927 201 0 0 0 0 84 209503 104 0 0 0 0 0 125 934 48 0 0 0 0 51 254 26 0 0 0 0 34 156 17 0 0 0 0 38 208 28 0 0 0 0 352 2649 146 0 0 0 0 224 1537 57 0 0 0 0 25 191 5 0 0 0 0 11 51 3 0 0 0 0 1166 9616 616 0 0 0 0 734 6157 260 0 0 0 0 107 768 28 0 0 0 0 23 125 6 0 0 0 0 3207 30345 1949 0 0 0 0 2170 20401 868 0 0 0 0 573 4726 150 0 0 0 0 103 1038 29 0 0 0 0 11361 118599 5798 0 0 0 0 9468 104266 3481 0 0 0 0 3548 34927 845 0 0 0 0 743 6984 156 0 0 0 0 6732 77052 2997 0 0 0 2 9448 102097 2516 0 0 0 0 4693 46143 867 0 0 0 0 1333 11214 217 0 0 0 0 1126 13044 371 0 0 0 0 2077 19326 279 0 0 0 0 1598 13163 175 0 0 0 0 612 4431 59 0 0 0 0 108 1271 60 0 0 0 0 258 1863 38 0 0 0 0 234 1659 22 0 0 0 0 127 677 5 0 0 0 0 0 82 354 20 0 0 0 0 22 112 17 0 0 0 0 18 77 10 0 0 0 0 33 155 17 0 0 0 0 237 1280 61 0 0 0 0 64 378 15 0 0 0 0 19 63 1 0 0 0 0 3 37 1 0 0 0 0 656 4782 216 0 0 0 0 236 1867 89 0 0 0 0 38 250 11 0 0 0 0 7 67 3 0 0 0 0 2322 20571 944 0 0 0 0 1000 9975 348 0 0 0 0 198 2291 83 0 0 0 0 44 435 11 0 0 0 0 8056 81916 3027 0 0 0 0 5157 61413 1594 0 0 0 0 1502 17275 398 0 0 0 0 262 3120 72 0 0 0 0 3459 35536 996 0 0 0 0 3661 40684 811 0 0 0 0 1380 14278 266 0 0 0 0 321 3252 90 0 0 0 0 251 2439 71 0 0 0 0 360 2955 49 0 0 0 0 202 1688 21 0 0 0 0 70 531 7 0 0 0 0 49 234 11 0 0 0 0 52 191 15 0 0 0 0 30 146 11 0 0 0 0 8 44 1 0 0 0 0 0 31 233 0 0 0 0 0 9 74 0 0 0 0 0 12 77 0 0 0 0 0 17 129 0 0 0 0 0 93 559 0 0 0 0 0 16 114 0 0 0 0 0 4 21 0 0 0 0 0 1 15 0 0 0 0 1 236 2038 0 0 0 0 0 79 712 0 0 0 0 0 25 137 0 0 0 0 0 2 46 0 0 0 0 0 1114 10111 0 0 0 0 0 485 4362 0 0 0 0 0 132 1212 0 0 0 0 0 23 275 0 0 0 0 0 3761 41261 0 0 0 0 2 2105 21811 0 0 0 0 0 571 5659 0 0 0 0 0 125 1096 0 0 0 0 0 1378 16042 0 0 0 0 0 1116 12252 0 0 0 0 0 348 3083 0 0 0 0 0 91 865 0 0 0 0 0 63 558 0 0 0 0 0 67 421 0 0 0 0 0 23 190 0 0 0 0 0 10 44 0 0 0 0 0 24 142 0 0 0 0 0 15 89 0 0 0 0 0 10 68 0 0 0 0 0 2 43 13502 1613 1 0 0 0 0 1125 120 0 0 0 0 0 218 26 0 0 0 0 0 395 72 0 0 0 0 0 5986 657 1 0 0 0 0 1882 145 0 0 0 0 0 408 32 0 0 0 0 0 102 4 0 0 0 0 0 27218 2308 0 0 0 0 0 15061 1114 0 0 0 0 0 4087 214 0 0 0 0 0 596 46 0 0 0 0 0 101283 7470 1 0 0 0 0 84426 5255 0 0 0 0 0 29447 1961 0 0 0 0 0 4649 377 0 0 0 0 0 371716 17108 0 0 0 0 0 340668 17819 0 0 0 0 0 125406 7606 0 0 0 0 0 27203 1806 0 0 0 0 0 94250 4616 0 0 0 0 0 147181 8118 0 0 0 0 0 64194 4306 0 0 0 0 0 18618 1321 0 0 0 0 0 1738 142 0 0 0 0 0 4887 397 0 0 0 0 0 2911 294 0 0 0 0 0 1472 122 0 0 0 0 0 290 23 0 0 0 0 0 279 27 0 0 0 0 0 128 17 0 0 0 0 0 72 9 0 0 0 0 0 1225 15604 3107 4 0 0 0 114 901 187 0 0 0 0 30 175 31 0 0 0 0 60 283 67 0 0 0 0 634 11699 1294 0 0 0 0 153 2945 385 0 0 0 0 20 527 57 0 0 0 0 8 67 10 0 0 0 0 2499 38811 4781 0 0 0 0 1067 15852 2261 0 0 0 0 222 3094 396 0 0 0 0 28 571 76 0 0 0 0 7297 102044 12009 3 0 0 0 4383 70940 8212 0 0 0 0 1267 23755 2505 0 0 0 0 211 4786 455 0 0 0 0 16455 304442 20965 0 0 0 0 13458 357566 19661 2 0 0 0 5202 150294 8677 0 0 0 0 1126 31282 2039 0 0 0 0 4472 105917 6145 0 0 0 0 6746 206756 10943 0 0 0 0 3290 110071 6679 0 0 0 0 972 30361 2088 0 0 0 0 195 4327 313 0 0 0 0 547 14821 949 0 0 0 0 388 11681 860 0 0 0 0 184 5930 448 0 0 0 0 27 326 48 0 0 0 0 32 743 69 0 0 0 0 17 575 68 0 0 0 0 7 225 25 0 0 0 0 2 2345 33983 4769 4 0 0 0 186 2218 324 0 0 0 0 33 250 32 0 0 0 0 50 228 43 0 0 0 0 1331 20894 2351 1 0 0 0 408 6725 932 0 0 0 0 65 604 88 0 0 0 0 18 85 15 0 0 0 1 5035 46522 6377 0 0 0 0 2417 21324 3605 1 0 0 0 591 3260 708 0 0 0 0 83 738 151 0 0 0 1 11173 91107 12789 1 0 0 1 7347 58920 9191 0 0 0 0 2009 15936 2707 0 0 0 0 365 3630 559 0 0 0 1 21205 227590 22217 0 0 0 2 15356 222024 18312 0 0 0 0 5427 92743 8039 0 0 0 0 1085 21511 2103 0 0 0 0 7689 113714 9131 0 0 0 0 9456 198328 12045 0 0 0 0 4349 110484 7296 0 0 0 0 1104 32647 2433 0 0 0 0 531 11517 856 0 0 0 0 1118 30442 1971 0 0 0 0 731 26015 1961 0 0 0 0 296 12002 1035 0 0 0 0 67 964 84 0 0 0 0 113 2306 152 0 0 0 0 85 2786 260 0 0 0 0 38 1598 156 0 0 0 0 1 3835 110606 4237 3 0 0 0 342 5992 358 0 0 0 0 41 853 26 0 0 0 0 40 902 53 0 0 0 0 2317 75570 2163 0 0 0 0 943 28517 930 0 0 0 0 97 1347 100 0 0 0 0 21 231 28 0 0 0 0 6323 160414 6118 0 0 0 0 3641 91332 3587 0 0 0 0 819 8099 781 0 0 0 0 154 1904 154 0 0 0 0 12542 278998 11934 2 0 0 0 8743 195812 8610 0 0 0 0 2498 43991 2504 0 0 0 0 479 10227 465 0 0 0 1 22940 724230 22110 0 0 0 0 17348 717432 16890 2 0 0 0 6368 347083 6320 0 0 0 0 1434 101388 1380 0 0 0 0 12108 460892 11994 0 0 0 0 12667 863713 12654 0 0 0 0 5514 629662 5296 0 0 0 0 1504 237949 1466 0 0 0 0 1566 76353 1454 0 0 0 0 2660 247855 2653 0 0 0 0 1834 301232 1699 0 0 0 0 604 184139 556 0 0 0 0 146 8815 131 0 0 0 0 312 29838 267 0 0 0 0 294 65177 252 0 0 0 0 133 58304 113 0 0 0 0 2 4758 35678 2632 0 0 0 1 344 2279 201 0 0 0 0 43 213 27 0 0 0 0 43 277 72 0 0 0 0 2312 19813 1320 0 0 0 0 910 6785 430 0 0 0 0 110 598 59 0 0 0 0 35 203 20 0 0 0 0 6135 43175 4683 1 0 0 0 3600 21647 2345 0 0 0 0 774 3355 518 0 0 0 0 137 808 100 0 0 0 0 12733 85223 10679 2 0 0 0 9030 56688 7179 0 0 0 0 2677 15743 2062 0 0 0 0 566 3688 335 0 0 0 1 21355 205022 19982 0 0 0 1 18072 214134 15103 0 0 0 0 7666 88726 5059 0 0 0 0 1889 19806 1020 0 0 0 0 8481 103266 7232 0 0 0 0 11446 187980 9112 0 0 0 0 6851 103176 3847 0 0 0 0 2124 29580 915 0 0 0 0 761 9616 405 0 0 0 0 1788 27736 933 0 0 0 0 1903 23300 596 0 0 0 0 1004 10454 228 0 0 0 0 81 764 64 0 0 0 0 137 1645 62 0 0 0 0 210 1962 35 0 0 0 0 159 1406 20 0 0 0 0 4 3230 16799 1333 0 0 0 0 196 1022 124 0 0 0 0 31 139 23 0 0 0 0 56 328 76 0 0 0 1 1399 11507 630 0 0 0 0 387 3232 179 0 0 0 0 64 409 13 0 0 0 0 15 126 5 0 0 0 1 4787 38407 2450 0 0 0 0 2234 16561 1004 0 0 0 0 458 2900 180 0 0 0 0 91 656 32 0 0 0 0 11978 98544 6998 0 0 0 1 8078 70500 4196 0 0 0 0 2486 21470 1192 0 0 0 0 454 4569 228 0 0 0 1 19059 266290 15464 0 0 0 0 19101 354839 13271 0 0 0 0 8005 143808 4695 0 0 0 0 1863 29527 951 0 0 0 0 5268 88899 3941 0 0 0 0 10678 200531 5951 0 0 0 0 6052 97567 2508 0 0 0 0 1742 24915 630 0 0 0 0 224 2929 124 0 0 0 0 752 10754 251 0 0 0 0 688 8197 145 0 0 0 0 328 3829 51 0 0 0 0 50 270 25 0 0 0 0 42 301 17 0 0 0 0 31 182 11 0 0 0 0 26 125 6 0 0 0 0 1 1747 14259 0 0 0 0 0 119 1358 0 0 0 0 0 21 186 0 0 0 0 0 72 382 0 0 0 0 0 655 5719 0 0 0 0 0 178 1932 0 0 0 0 0 26 361 0 0 0 0 0 5 103 0 0 0 0 2 2349 27071 0 0 0 0 0 1043 15160 0 0 0 0 0 206 3523 0 0 0 0 0 43 754 0 0 0 0 0 7332 97159 0 0 0 0 0 5067 80730 0 0 0 0 0 1624 25728 0 0 0 0 0 365 5121 0 0 0 0 0 15725 342926 0 0 0 0 2 17714 324664 0 0 0 0 0 7081 101616 0 0 0 0 0 1443 19325 0 0 0 0 0 4047 92451 0 0 0 0 0 7321 129715 0 0 0 0 0 3379 45931 0 0 0 0 0 855 10955 0 0 0 0 0 86 1188 0 0 0 0 0 212 2212 0 0 0 0 0 112 1401 0 0 0 0 0 62 412 0 0 0 0 0 28 257 0 0 0 0 0 21 247 0 0 0 0 0 11 66 0 0 0 0 0 4 30 430 45 0 0 0 0 0 214 19 0 0 0 0 0 54 9 0 0 0 0 0 40 11 0 0 0 0 0 5434 443 0 0 0 0 0 6507 541 0 0 0 0 0 2308 186 0 0 0 0 0 388 29 0 0 0 0 0 30013 1724 0 0 0 0 0 47149 2431 0 0 0 0 0 16569 805 0 0 0 0 0 2517 101 0 0 0 0 0 76558 3620 0 0 0 0 0 146100 6839 0 0 0 0 0 68433 3172 0 0 0 0 0 13714 729 0 0 0 0 0 310827 5509 0 0 0 0 0 669002 15323 0 0 0 0 0 348032 9508 0 0 0 0 0 93579 3254 0 0 0 0 0 94418 1626 0 0 0 0 0 298923 7001 0 0 0 0 0 186084 5841 0 0 0 0 0 67802 2584 0 0 0 0 0 1384 37 0 0 0 0 0 8775 321 0 0 0 0 0 7668 405 0 0 0 0 0 4437 249 0 0 0 0 0 99 5 0 0 0 0 0 253 12 0 0 0 0 0 193 16 0 0 0 0 0 214 9 0 0 0 0 0 42 767 111 0 0 0 0 26 507 66 0 0 0 0 12 112 18 0 0 0 0 21 96 15 0 0 0 0 445 8008 671 0 0 0 0 509 10198 772 0 0 0 0 145 2954 234 0 0 0 0 21 322 37 0 0 0 0 1878 25609 2832 0 0 0 0 2490 36008 4203 0 0 0 0 797 11798 1552 0 0 0 0 109 1782 200 0 0 0 0 4400 44720 7233 1 0 0 0 7467 82105 14736 0 0 0 0 3215 37912 6735 0 0 0 0 578 8347 1397 0 0 0 0 8747 96454 5445 0 0 0 0 17289 268371 13684 0 0 0 0 9111 162328 8244 0 0 0 0 2640 48613 2728 0 0 0 0 3064 40281 1214 0 0 0 0 9505 167707 5157 0 0 0 0 6429 129777 4534 0 0 0 0 2358 51057 2152 0 0 0 0 111 1464 52 0 0 0 0 632 10067 347 0 0 0 0 598 12956 588 0 0 0 0 367 8954 467 0 0 0 0 9 109 16 0 0 0 0 28 309 28 0 0 0 0 18 355 27 0 0 0 0 15 430 31 0 0 0 0 0 92 1048 134 0 0 0 0 56 717 93 0 0 0 0 15 178 21 0 0 0 0 27 155 18 0 0 0 0 747 7567 933 0 0 0 0 912 8257 995 0 0 0 0 247 2422 317 0 0 0 0 30 345 48 0 0 0 0 3167 18784 3469 0 0 0 0 4857 26179 5689 0 0 0 0 1895 10166 2418 0 0 0 0 338 1814 426 0 0 0 0 7329 33418 7752 0 0 0 1 14242 62455 16090 0 0 0 0 6461 29985 7608 0 0 0 0 1272 6925 1537 0 0 0 0 9063 48407 6328 0 0 0 0 17299 112536 14555 1 0 0 0 9014 68235 9090 0 0 0 0 2416 21145 2753 0 0 0 0 3568 26489 1620 0 0 0 0 8818 89080 4329 0 0 0 1 5459 66593 3494 0 0 0 0 1864 26552 1697 0 0 0 0 232 3202 148 0 0 0 0 951 12100 539 0 0 0 0 978 14959 767 0 0 0 0 431 8619 607 0 0 0 0 20 422 36 0 0 0 0 78 853 52 0 0 0 0 77 1032 83 0 0 0 0 61 1062 80 0 0 0 0 0 127 2638 146 0 0 0 0 83 2189 89 0 0 0 0 23 876 18 0 0 0 0 20 1805 19 0 0 0 0 975 11416 939 0 0 0 0 1092 10665 1116 0 0 0 0 337 2869 371 0 0 0 0 60 627 76 0 0 0 0 3669 24907 3596 0 0 0 0 6049 29901 6078 0 0 0 0 2547 10333 2714 0 0 0 0 520 2410 500 0 0 0 0 7888 43867 7674 0 0 0 0 15719 56869 15525 0 0 0 0 7469 25620 7384 0 0 0 0 1536 6343 1479 0 0 0 0 8194 88105 7760 0 0 0 0 16515 135705 16176 0 0 0 0 9596 92872 9408 0 0 0 0 2632 34306 2566 0 0 0 1 3446 59090 3176 1 0 0 0 7381 150410 7027 0 0 0 0 4617 135577 4395 0 0 0 0 1509 65750 1429 0 0 0 0 399 11605 392 0 0 0 0 1435 42190 1413 0 0 0 0 1338 57708 1241 0 0 0 0 518 41121 505 0 0 0 0 40 1352 36 0 0 0 0 131 5068 126 0 0 0 0 189 10742 209 0 0 0 0 107 10621 118 0 0 0 0 0 131 1160 98 0 0 0 0 93 636 58 0 0 0 0 15 130 14 0 0 0 0 26 156 20 0 0 0 0 918 7271 737 0 0 0 0 1063 8644 793 0 0 0 0 374 2710 289 0 0 0 0 83 605 46 0 0 0 0 3509 18397 3095 0 0 0 0 5544 25403 4903 0 0 0 0 2388 10141 1963 0 0 0 0 469 1876 351 0 0 0 0 7840 31720 7136 0 0 0 0 15967 59544 13977 0 0 0 0 7614 29656 6524 0 0 0 0 1570 6699 1309 0 0 0 0 6132 43949 8499 0 0 0 1 14391 104133 16635 0 0 0 0 8904 65486 8746 0 0 0 0 2636 19361 2281 0 0 0 0 1499 22588 3261 0 0 0 0 4133 82086 8684 0 0 0 0 3457 63865 5173 0 0 0 0 1526 24594 1604 0 0 0 0 120 2641 172 0 0 0 0 464 11525 892 0 0 0 0 736 13630 833 0 0 0 0 546 8626 404 0 0 0 0 35 336 11 0 0 0 0 44 771 56 0 0 0 0 54 1136 64 0 0 0 0 80 1642 52 0 0 0 0 0 110 641 36 0 0 0 0 62 412 41 0 0 0 0 8 70 6 0 0 0 0 25 99 14 0 0 0 0 696 8228 396 0 0 0 0 727 9609 509 0 0 0 0 267 2541 122 0 0 0 0 59 392 21 0 0 0 0 2871 24971 1811 0 0 0 0 4111 35705 2550 0 0 0 0 1605 11561 739 0 0 0 0 248 1812 115 0 0 0 0 7060 42580 4190 0 0 0 2 14375 79194 7141 0 0 0 0 6796 37569 2894 0 0 0 0 1406 8542 556 0 0 0 0 5083 82137 8268 0 0 0 0 12957 258891 17416 0 0 0 0 7933 163673 9019 0 0 0 0 2539 46481 2296 0 0 0 0 1040 33445 2723 0 0 0 0 4837 165780 8761 0 0 0 0 4316 125416 5517 0 0 0 0 1935 43784 1776 0 0 0 0 41 939 58 0 0 0 0 272 8354 374 0 0 0 0 469 11206 374 0 0 0 0 373 6499 209 0 0 0 0 11 85 8 0 0 0 0 16 234 24 0 0 0 0 15 215 10 0 0 0 0 31 262 11 0 0 0 0 0 33 250 0 0 0 0 0 41 290 0 0 0 0 0 6 24 0 0 0 0 0 13 67 0 0 0 0 0 460 5010 0 0 0 0 0 507 6457 0 0 0 0 0 132 1784 0 0 0 0 0 27 301 0 0 0 0 1 1557 28084 0 0 0 0 0 2330 45776 0 0 0 0 0 762 16102 0 0 0 0 0 104 2017 0 0 0 0 0 3469 72542 0 0 0 0 0 6610 140022 0 0 0 0 0 2979 60275 0 0 0 0 0 600 12105 0 0 0 0 0 5073 289231 0 0 0 0 0 15271 628661 0 0 0 0 0 9260 286952 0 0 0 0 0 2930 69870 0 0 0 0 0 1377 80720 0 0 0 0 0 6461 250166 0 0 0 0 0 4867 138315 0 0 0 0 0 1881 43245 0 0 0 0 0 26 1286 0 0 0 0 0 190 4364 0 0 0 0 0 210 3869 0 0 0 0 0 118 1454 0 0 0 0 0 2 156 0 0 0 0 0 8 185 0 0 0 0 0 9 85 0 0 0 0 0 3 58 0 0 0 0 0 0 0 2 1 0 0 0 0 0 0 0 0 0 0 0 0 0 0 0 0 0 0 0 483 48 0 0 0 0 0 1587 172 0 0 0 0 0 712 78 0 0 0 0 0 140 10 0 0 0 0 0 2824 164 0 0 0 0 0 13351 758 0 0 0 0 0 5883 319 0 0 0 0 0 1179 63 0 0 0 0 0 6349 313 0 0 0 0 0 34412 1650 0 0 0 0 0 20358 963 0 0 0 0 0 5182 230 0 0 0 0 0 27282 399 0 0 0 0 0 164570 2925 0 0 0 0 0 126994 2392 0 0 0 0 0 48762 936 0 0 0 0 0 10875 102 0 0 0 0 0 90104 1225 0 0 0 0 0 79202 1453 0 0 0 0 0 38565 773 0 0 0 0 0 321 6 0 0 0 0 0 3169 63 0 0 0 0 0 4186 115 0 0 0 0 0 2308 97 0 0 0 0 0 16 1 0 0 0 0 0 75 7 0 0 0 0 0 140 6 0 0 0 0 0 121 5 0 0 0 0 0 1 0 0 0 0 0 0 1 12 1 0 0 0 0 0 0 0 0 0 0 0 0 0 1 0 0 0 0 40 787 61 0 0 0 0 158 3329 278 0 0 0 0 73 1465 125 0 0 0 0 13 188 23 0 0 0 0 197 2919 260 0 0 0 0 758 13124 1041 0 0 0 0 331 6016 529 0 0 0 0 55 914 104 0 0 0 0 398 3866 597 0 0 0 0 1855 20770 3559 0 0 0 0 960 11836 2403 0 0 0 0 238 3001 609 0 0 0 0 647 5885 451 0 0 0 0 3740 46397 3198 0 0 0 0 2708 37143 2661 1 0 0 0 938 12947 968 0 0 0 0 278 2769 79 0 0 0 0 2184 30664 815 0 0 0 0 2042 32389 960 0 0 0 0 976 14679 557 0 0 0 0 18 152 7 0 0 0 0 174 2063 62 0 0 0 0 237 3213 114 0 0 0 0 160 2476 99 0 0 0 0 5 29 0 0 0 0 0 10 78 8 0 0 0 0 6 129 16 0 0 0 0 8 136 10 0 0 0 0 0 0 5 3 0 0 0 0 1 8 0 0 0 0 0 0 3 0 0 0 0 0 0 4 0 0 0 0 0 81 862 90 0 0 0 0 265 3005 324 0 0 0 0 112 1276 146 0 0 0 0 19 164 29 0 0 0 0 270 2194 334 0 0 0 0 1243 8158 1325 0 0 0 0 634 4266 807 0 0 0 0 129 861 178 0 0 0 0 631 3080 696 0 0 0 0 3536 14916 4009 0 0 0 0 2234 10655 2813 0 0 0 0 582 2883 745 0 0 0 0 685 3853 567 0 0 0 0 4039 20327 3931 0 0 0 0 3041 17397 3373 0 0 0 0 998 6396 1218 0 0 0 0 251 3395 159 0 0 0 0 1819 13933 775 0 0 0 0 1564 13685 824 0 0 0 0 636 5905 470 0 0 0 0 25 1703 64 0 0 0 0 236 3079 132 0 0 0 0 291 2967 172 0 0 0 0 193 1895 106 0 0 0 0 8 302 17 0 0 0 0 11 496 20 0 0 0 0 21 281 18 0 0 0 0 19 265 18 0 0 0 0 0 1 123 0 0 0 0 0 2 168 2 0 0 0 0 0 112 0 0 0 0 0 0 285 3 0 0 0 0 109 1511 98 0 0 0 0 265 3709 319 0 0 0 0 143 2086 120 0 0 0 0 30 1296 22 0 0 0 0 337 2718 365 0 0 0 0 1554 7749 1483 0 0 0 0 881 4866 884 0 0 0 0 210 1160 210 0 0 0 0 708 5625 675 0 0 0 0 3987 12476 3862 0 0 0 0 2722 8043 2717 0 0 0 0 704 2268 719 0 0 0 0 719 15674 650 0 0 0 0 4195 22448 4156 0 0 0 0 3429 17883 3385 0 0 0 0 1207 8364 1161 0 0 0 0 270 14587 205 0 0 0 0 1116 22024 1114 0 0 0 0 1007 23073 969 0 0 0 0 455 12529 472 0 0 0 0 78 5711 54 0 0 0 0 237 8269 226 0 0 0 0 278 9491 224 0 0 0 0 160 6782 143 0 0 0 0 15 910 9 0 0 0 0 32 1649 30 0 0 0 0 47 1450 42 0 0 0 0 34 2051 39 0 0 0 0 0 0 4 1 0 0 0 0 1 8 0 0 0 0 0 1 0 0 0 0 0 0 1 4 0 0 0 0 0 112 929 81 0 0 0 0 290 3193 269 0 0 0 0 146 1361 115 0 0 0 0 31 260 20 0 0 0 0 328 2255 287 0 0 0 0 1393 8513 1200 0 0 0 0 773 4343 614 0 0 0 0 184 945 155 0 0 0 0 710 3097 585 0 0 0 0 4104 15205 3414 0 0 0 0 2810 10634 2264 0 0 0 0 750 2915 594 0 0 0 0 595 3195 595 0 0 0 0 3879 19262 3903 0 0 0 0 3253 16896 2951 0 0 0 0 1184 6195 1000 0 0 0 0 106 2065 251 0 0 0 0 704 12399 1639 0 0 0 0 811 13186 1413 0 0 0 0 425 5969 608 0 0 0 0 41 748 22 0 0 0 0 101 2457 227 0 0 0 0 147 2784 253 0 0 0 0 128 1981 168 0 0 0 0 9 187 3 0 0 0 0 18 325 6 0 0 0 0 22 297 25 0 0 0 0 40 722 44 0 0 0 0 0 0 1 1 0 0 0 0 0 8 0 0 0 0 0 0 0 0 0 0 0 0 0 1 0 0 0 0 0 85 1012 48 0 0 0 0 258 3450 159 0 0 0 0 112 1277 63 0 0 0 0 25 234 9 0 0 0 0 248 2967 179 0 0 0 0 1048 13442 786 0 0 0 0 499 5911 338 0 0 0 0 108 1102 53 0 0 0 0 586 3555 321 0 0 0 0 3601 19678 1766 0 0 0 0 2376 12398 1038 0 0 0 0 635 3057 221 0 0 0 0 445 4361 507 0 0 0 0 3256 40895 3450 0 0 0 0 2623 35589 2529 0 0 0 0 995 12512 909 0 0 0 0 68 2038 259 0 0 0 0 754 29634 2230 0 0 0 0 940 32296 1934 0 0 0 0 464 13606 878 0 0 0 0 4 93 12 0 0 0 0 48 2200 149 0 0 0 0 107 3405 158 0 0 0 0 111 2411 104 0 0 0 0 4 21 2 0 0 0 0 7 57 4 0 0 0 0 10 95 7 0 0 0 0 26 289 11 0 0 0 0 0 0 3 0 0 0 0 0 0 0 0 0 0 0 0 0 0 0 0 0 0 0 0 0 0 0 0 0 0 62 414 0 0 0 0 0 168 1571 0 0 0 0 0 56 621 0 0 0 0 0 10 109 0 0 0 0 0 146 2538 0 0 0 0 0 773 13832 0 0 0 0 0 363 7399 0 0 0 0 0 54 1204 0 0 0 0 0 279 5410 0 0 0 0 0 1528 31635 0 0 0 0 0 951 19644 0 0 0 0 0 234 5097 0 0 0 0 0 297 24149 0 0 0 0 0 2690 154522 0 0 0 0 0 2318 110982 0 0 0 0 0 936 42939 0 0 0 0 0 95 9339 0 0 0 0 0 1329 77364 0 0 0 0 0 1355 60546 0 0 0 0 0 705 26032 0 0 0 0 0 4 209 0 0 0 0 0 53 2020 0 0 0 0 0 75 2028 0 0 0 0 0 53 1193 0 0 0 0 0 2 46 0 0 0 0 0 3 70 0 0 0 0 0 2 134 0 0 0 0 0 3 68 0 0 0 0 0 0 0 0 0 0 0 0 0 0 0 0 0 0 0 0 0 0 0 0 0 0 0 0 6 1 0 0 0 0 0 44 4 0 0 0 0 0 28 4 0 0 0 0 0 2 1 0 0 0 0 0 69 5 0 0 0 0 0 750 54 0 0 0 0 0 499 29 0 0 0 0 0 120 11 0 0 0 0 0 146 9 0 0 0 0 0 2955 138 0 0 0 0 0 2468 115 0 0 0 0 0 710 34 0 0 0 0 0 715 12 0 0 0 0 0 13604 271 0 0 0 0 0 16308 348 0 0 0 0 0 7053 133 0 0 0 0 0 625 12 0 0 0 0 0 10683 128 0 0 0 0 0 14158 212 0 0 0 0 0 7350 111 0 0 0 0 0 97 4 0 0 0 0 0 633 14 0 0 0 0 0 1228 24 0 0 0 0 0 749 23 0 0 0 0 0 128 10 0 0 0 0 0 197 16 0 0 0 0 0 190 10 0 0 0 0 0 152 5 0 0 0 0 0 0 0 0 0 0 0 0 0 0 0 0 0 0 0 0 0 0 0 0 0 0 0 0 0 0 0 0 0 0 25 0 0 0 0 0 6 115 15 0 0 0 0 3 89 5 0 0 0 0 0 16 1 0 0 0 0 8 112 15 0 0 0 0 62 1171 98 0 0 0 0 33 691 57 0 0 0 0 9 109 13 0 0 0 0 12 143 14 0 0 0 0 154 1883 236 0 0 0 0 127 1708 279 0 0 0 0 34 463 68 0 0 0 0 31 221 23 0 0 0 0 323 3773 388 0 0 0 0 328 4357 453 0 0 0 0 117 1532 205 0 0 0 0 21 231 17 0 0 0 0 225 2845 95 0 0 0 0 288 4567 153 0 0 0 0 130 1817 92 0 0 0 0 6 84 3 0 0 0 0 27 325 11 0 0 0 0 51 503 30 0 0 0 0 33 440 24 0 0 0 0 8 146 29 0 0 0 0 17 184 24 0 0 0 0 17 188 17 0 0 0 0 12 143 15 0 0 0 0 0 0 0 0 0 0 0 0 0 0 0 0 0 0 0 0 0 0 0 0 0 0 0 0 0 0 0 0 0 2 19 1 0 0 0 0 7 139 16 0 0 0 0 7 85 8 0 0 0 0 3 12 2 0 0 0 0 14 121 19 0 0 0 0 89 1036 105 0 0 0 0 50 588 76 0 0 0 0 13 123 26 0 0 0 0 21 241 34 0 0 0 0 256 1218 286 0 0 0 0 269 1306 332 0 0 0 0 86 387 107 0 0 0 0 32 437 69 0 0 0 0 362 2215 454 0 0 0 0 447 2368 557 0 0 0 0 177 1146 239 0 0 0 0 35 788 36 0 0 0 0 180 1794 110 0 0 0 0 185 1795 157 0 0 0 0 103 905 88 0 0 0 0 19 662 24 0 0 0 0 33 1071 28 0 0 0 0 51 429 39 0 0 0 0 22 350 36 0 0 0 0 16 323 34 0 0 0 0 22 470 53 0 0 0 0 21 145 28 0 0 0 0 34 177 18 0 0 0 0 0 0 0 0 0 0 0 0 0 0 0 0 0 0 0 0 0 0 0 0 0 0 0 0 0 0 0 0 0 4 116 2 0 0 0 0 13 301 13 0 0 0 0 7 175 9 0 0 0 0 0 500 1 0 0 0 0 19 395 19 0 0 0 0 105 973 120 0 0 0 0 76 538 83 0 0 0 0 20 188 32 0 0 0 0 30 2086 29 0 0 0 0 289 1362 296 0 0 0 0 344 1040 326 0 0 0 0 108 301 101 0 0 0 0 64 9127 47 0 0 0 0 471 3692 458 0 0 0 0 554 2304 547 0 0 0 0 230 1182 224 0 0 0 0 52 5472 45 0 0 0 0 143 3447 114 0 0 0 0 148 2909 128 0 0 0 0 65 1916 78 0 0 0 0 56 2058 15 0 0 0 0 70 2537 37 0 0 0 0 49 1356 47 0 0 0 0 32 1031 22 0 0 0 0 35 750 32 0 0 0 0 46 1058 52 0 0 0 0 35 556 43 0 0 0 0 48 775 29 0 0 0 0 0 0 0 0 0 0 0 0 0 0 0 0 0 0 0 0 0 0 0 0 0 0 0 0 0 0 0 0 0 6 20 0 0 0 0 0 15 114 7 0 0 0 0 13 142 4 0 0 0 0 3 21 2 0 0 0 0 16 151 17 0 0 0 0 95 1013 112 0 0 0 0 67 626 69 0 0 0 0 19 145 21 0 0 0 0 49 180 19 0 0 0 0 277 1355 275 0 0 0 0 345 1397 266 0 0 0 0 106 394 89 0 0 0 0 54 292 39 0 0 0 0 456 2034 384 0 0 0 0 528 2498 450 0 0 0 0 229 958 164 0 0 0 0 20 381 14 0 0 0 0 89 1392 153 0 0 0 0 128 1573 165 0 0 0 0 86 894 88 0 0 0 0 21 317 6 0 0 0 0 29 623 26 0 0 0 0 37 467 37 0 0 0 0 28 342 29 0 0 0 0 29 208 20 0 0 0 0 46 321 19 0 0 0 0 41 240 22 0 0 0 0 42 301 14 0 0 0 0 0 0 0 0 0 0 0 0 0 0 0 0 0 0 0 0 0 0 0 0 0 0 0 0 0 0 0 0 0 0 7 0 0 0 0 0 13 87 2 0 0 0 0 9 63 2 0 0 0 0 1 7 1 0 0 0 0 20 117 6 0 0 0 0 81 1211 76 0 0 0 0 59 856 32 0 0 0 0 19 225 8 0 0 0 0 29 188 9 0 0 0 0 245 2116 176 0 0 0 0 280 1835 138 0 0 0 0 78 636 39 0 0 0 0 33 203 21 0 0 0 0 362 3185 281 0 0 0 0 441 4037 314 0 0 0 0 182 1375 116 0 0 0 0 5 83 11 0 0 0 0 78 2644 220 0 0 0 0 133 4356 254 0 0 0 0 88 1692 125 0 0 0 0 5 62 8 0 0 0 0 14 290 20 0 0 0 0 29 515 29 0 0 0 0 23 312 20 0 0 0 0 21 135 13 0 0 0 0 26 115 7 0 0 0 0 18 106 8 0 0 0 0 21 108 6 0 0 0 0 0 0 0 0 0 0 0 0 0 0 0 0 0 0 0 0 0 0 0 0 0 0 0 0 0 0 0 0 0 1 1 0 0 0 0 0 4 47 0 0 0 0 0 3 13 0 0 0 0 0 1 3 0 0 0 0 0 5 61 0 0 0 0 0 67 924 0 0 0 0 0 31 707 0 0 0 0 0 12 135 0 0 0 0 0 13 169 0 0 0 0 0 150 2842 0 0 0 0 0 147 2766 0 0 0 0 0 38 789 0 0 0 0 0 16 564 0 0 0 0 0 230 12542 0 0 0 0 0 301 15089 0 0 0 0 0 109 6918 0 0 0 0 0 10 479 0 0 0 0 0 127 8582 0 0 0 0 0 208 10137 0 0 0 0 0 114 5428 0 0 0 0 0 2 61 0 0 0 0 0 14 372 0 0 0 0 0 24 571 0 0 0 0 0 10 318 0 0 0 0 0 13 151 0 0 0 0 0 7 142 0 0 0 0 0 9 168 0 0 0 0 0 7 103 
# boundaries
0 1200 3000 5000 10000
0 5 10 15 20 28 36 44 56 
-0.75 -0.5 -0.15 0.15 0.5 0.75 
-1050 -750 -450 -150 150 450 750 1050 
-17.5 -12.5 -7.5 -2.5 2.5 7.5 12.5 17.5 
# resample_rates
0 0 0.0941483 0.0821477 0.20462 
