# labels_initial
"L", "v", "\dot v", "\dot h", "\dot \psi" 
# G_initial
0 1 1 1 1 
0 0 1 1 1 
0 0 0 1 1 
0 0 0 0 1 
0 0 0 0 0 
# r_initial
4 8 5 7 7 
# N_initial
5022663 10489676 8567362 2944746 134183 58943 144237 447463 1902038 1726474 501932 107393 11824 21026 118383 593847 3248240 4191266 1876772 428318 13135 9898 62162 395615 2157188 3175332 2088812 665220 2067 1614 15044 102121 580134 919793 861086 462887 11256 26632 57901 19124 19270 1006 1541 6522 1122 1633 452 710 10740 472 761 123 195 1612 56 81 11818 9223 22654 6021 9227 1507 3837 10816 3335 1531 703 1625 5115 1641 814 153 237 843 276 105 12471 26460 74151 21607 9548 2936 20469 73877 18677 2424 1513 10892 37702 10738 1317 290 2479 9333 2611 331 18444 81219 264369 69885 13546 8045 89890 400485 89909 5518 4751 59084 264696 62935 4149 1284 14528 66551 18270 1488 40572 303009 1264846 266362 27249 31779 445806 2290003 457064 23588 22695 299953 1481659 330620 22261 6493 78297 385209 101561 8574 34729 302489 1135588 232658 21010 45046 564631 2976419 568613 36557 33997 394281 2258624 448215 40215 9308 111505 635072 146733 17175 17441 102639 301050 70949 9853 30071 265543 1320631 237978 22549 22284 225367 1560137 253287 27737 6583 80357 655427 104639 14080 8168 22235 54754 16705 5531 13543 65731 281239 57134 10671 10981 73499 488818 79033 12889 5103 43168 354629 51111 8876 0 3 396 10701 155 1 0 0 22 415 405 161 3 0 0 10 253 119 68 2 0 0 0 69 42 12 0 0 23 130 701 10435 437 88 4 7 166 384 422 423 100 5 0 93 264 151 134 60 1 0 39 63 22 28 1 0 40 99 1680 9205 1241 186 20 25 161 520 904 1038 250 38 0 63 276 430 514 209 21 0 27 56 70 99 38 0 51 235 5106 9920 2634 448 50 14 177 905 2941 2974 901 133 10 77 479 1612 1828 665 80 5 23 126 377 527 210 16 122 1093 14672 16394 7130 1068 93 101 423 3321 12605 11271 3455 603 66 242 2069 8959 8436 2464 459 7 88 527 2261 2513 936 161 175 1599 9896 13989 7706 1231 133 128 711 5306 18186 15171 4702 842 191 514 3171 13612 12264 3587 658 33 147 825 3127 3648 1298 230 146 883 4352 7513 3762 656 129 186 895 4499 11944 9146 2833 568 221 582 2674 8984 7416 1980 427 42 182 803 2245 2272 847 192 506 904 2642 2835 886 215 180 462 1115 3844 4493 2421 756 452 686 713 2585 3769 2130 621 477 252 180 937 1542 1467 501 224 0 18 642 25475 483 14 0 0 28 560 521 407 25 0 0 42 307 205 147 9 0 0 11 74 63 44 3 0 22 119 615 5907 2255 298 7 12 184 271 1116 1790 420 44 3 110 117 357 798 209 31 0 24 18 46 108 38 3 31 189 3217 13014 8907 1028 74 21 158 1169 6309 10034 2548 230 0 55 359 3093 5612 1631 142 4 1 59 553 1303 525 34 46 695 12150 41753 23838 2581 156 59 393 6193 33255 39812 9213 965 0 187 2873 20780 27930 6609 705 0 34 522 4211 7152 2363 246 119 3860 56033 156926 77013 8385 673 181 3383 47347 187969 166525 36679 3722 79 1672 24693 116854 123878 29253 3524 30 528 5608 25389 35353 10174 1215 334 6265 69179 155714 62671 7495 831 389 10389 103175 244347 165645 36433 4253 254 7076 69680 156735 125644 30396 4496 275 2657 19391 38490 38163 10858 1671 352 4991 35445 45633 13486 2335 397 756 13900 90265 104700 44693 9810 1419 637 13377 84115 79761 37628 8690 1159 403 6010 31550 25160 13012 3572 650 1177 4131 8983 5420 1708 651 165 1629 10970 29458 17257 4740 1378 299 1091 11173 36354 18886 4820 909 266 684 6891 22187 10122 2661 481 142 0 143 1324 54695 1679 60 0 0 411 1824 2314 1812 161 0 0 354 3251 3408 3444 283 0 0 151 566 465 392 38 0 17 399 1233 14284 6046 662 13 46 637 449 2969 5245 1278 192 20 614 139 889 2369 1029 55 17 141 29 61 350 225 20 47 318 7493 37720 25444 2919 210 20 427 4988 20167 38232 9356 687 0 96 1163 8928 20799 6102 614 3 41 187 1680 5225 2033 164 106 1653 33357 135268 84162 8988 835 59 2371 39508 125163 186832 42969 3583 4 945 18087 71983 137114 33094 3469 0 277 3657 14388 35141 11763 1325 246 11140 220245 643993 346676 36579 5967 620 28291 352241 805430 882915 201043 19463 398 20168 227466 443679 601622 166906 21420 132 5524 55515 98752 159558 57803 7925 771 24767 324218 524466 227542 29889 3935 3006 106693 950730 975346 734990 186322 19332 2806 102873 828891 638866 505678 154332 25178 1638 34872 238447 167373 136245 48514 7983 1409 22956 141172 97387 28915 7782 1429 6147 144059 728290 302219 107553 28540 3823 6707 184691 928954 311600 95330 27763 5092 4056 79817 382747 134933 38998 12231 2645 2867 11809 24291 9564 4338 1603 282 8541 71322 154037 36452 7879 2498 510 7754 110060 290693 67571 10291 1936 513 5969 77362 206571 53569 9015 1799 344 0 9 258 18471 370 16 0 0 9 195 485 395 38 0 0 8 164 162 130 8 0 0 0 18 17 21 0 0 12 136 582 3222 1787 271 11 3 96 295 1069 1520 309 43 6 86 127 456 783 166 17 0 4 19 66 128 57 2 32 274 2584 11233 6691 733 60 5 189 1316 6323 8542 2155 147 3 74 403 3545 5204 1342 167 1 12 75 654 1349 455 65 94 885 11023 38233 17663 1734 253 50 922 8293 35243 36554 8083 764 11 234 3393 23509 28956 6153 679 2 107 812 5340 9330 2386 293 215 5183 64164 144480 45358 4593 2369 334 9244 72195 203417 141634 27712 2528 174 5709 39042 133843 120936 27571 3345 75 1412 9029 34662 43157 11614 1612 555 11226 81981 106333 26980 4374 1209 1565 31207 161363 234178 115088 22863 2349 1338 24328 106941 173870 111718 26182 3838 530 7604 30174 52219 42325 11875 2006 1171 9654 31188 20859 5245 2444 388 3288 36889 104883 65555 21921 4806 636 2845 37244 100100 74843 30097 6961 1197 1370 13695 36657 32147 16160 3937 673 1757 4531 5697 2391 1551 651 127 4029 17721 24061 8068 2318 720 217 3819 21634 33263 14847 4271 860 339 1714 12609 20509 11427 3943 738 171 0 12 550 18354 352 2 0 0 21 450 750 405 7 0 0 9 338 302 95 17 0 0 0 31 31 19 0 0 8 84 1316 6906 760 127 26 0 132 395 508 385 109 2 0 115 251 183 179 59 27 0 0 41 39 25 0 0 17 144 1969 5959 1102 299 58 5 112 463 1034 636 154 20 0 59 262 527 359 94 16 0 6 58 127 110 26 4 29 251 2906 7966 1741 397 256 10 174 1056 2424 1500 316 38 7 74 594 1874 1249 301 50 4 13 102 654 584 112 19 58 774 7486 13791 3523 568 1049 49 886 5347 11212 4996 952 146 29 358 3144 11177 6024 1301 228 12 108 824 3888 2934 726 82 144 1378 7323 8344 2456 1038 327 157 2191 11280 16490 5426 844 169 94 1280 7913 19930 8768 1826 404 36 370 2440 8009 4886 1249 185 271 1266 3807 2699 934 768 108 325 2912 9026 7810 1994 370 112 256 2116 7969 11588 4514 973 321 88 669 2992 6369 3179 662 121 685 1056 1671 1135 610 237 137 788 2336 4302 2141 684 202 218 815 2075 4350 3433 1307 370 539 336 834 2513 3557 1304 202 130 0 0 0 0 0 0 0 0 0 0 0 0 0 0 0 0 0 0 0 0 0 0 0 0 0 0 0 0 0 0 5 16 2 0 0 0 0 0 6 1 0 0 0 0 0 0 0 0 0 0 0 0 0 0 0 0 0 5 20 9 6 0 0 0 1 4 18 2 0 0 0 0 0 0 0 0 0 0 0 0 0 0 0 0 2 4 14 25 4 2 0 0 1 2 7 2 0 2 0 1 1 3 0 5 0 0 0 0 4 1 0 0 5 11 27 48 11 17 3 3 11 19 42 4 15 7 1 17 11 21 9 7 0 0 4 0 3 0 0 0 4 33 26 50 32 30 0 4 23 20 29 33 16 3 9 30 50 42 37 20 3 0 12 2 16 1 2 0 0 23 18 51 36 15 3 1 24 38 85 19 14 5 10 37 59 59 25 28 3 2 13 5 13 1 8 0 4 23 24 347 81 17 10 11 26 73 248 42 34 28 37 76 138 300 69 62 4 5 67 65 63 22 28 2 0 0 0 0 0 0 0 0 0 0 0 0 0 0 0 0 0 0 0 0 0 0 0 0 0 0 0 0 0 0 1 19 2 0 0 0 0 0 10 2 0 0 0 0 0 3 0 0 0 0 0 0 0 0 0 0 1 5 5 17 3 0 0 2 1 8 3 3 0 4 0 0 0 0 0 0 0 0 0 2 2 0 0 0 6 10 14 7 3 5 1 7 4 6 7 10 12 13 0 0 0 0 0 0 0 0 0 0 0 0 0 0 5 22 14 43 11 16 8 3 16 8 102 35 11 6 5 4 7 40 19 3 1 2 6 12 9 0 1 0 12 42 44 94 98 35 9 10 21 40 262 48 6 2 6 9 46 135 36 14 8 4 47 76 138 7 3 0 3 19 38 188 46 34 24 5 15 68 600 39 28 1 8 12 91 470 28 27 1 25 75 37 258 8 0 0 1 38 151 857 98 27 5 4 28 91 1394 71 33 8 15 24 50 945 34 20 3 5 13 47 607 8 4 0 0 0 0 0 0 0 0 0 0 0 0 0 0 0 0 0 0 0 0 0 0 0 0 0 0 0 0 0 0 0 0 17 0 0 0 0 13 6 23 4 0 0 0 0 0 20 0 0 0 0 0 0 17 0 0 0 11 10 2 10 12 2 0 0 6 1 1 6 3 3 0 0 0 0 0 0 0 0 0 3 0 0 0 0 1 11 20 39 13 12 10 2 3 10 18 15 8 3 0 0 0 4 0 0 0 0 0 0 0 0 0 0 24 20 27 128 37 10 0 18 18 24 445 75 18 22 0 15 26 333 20 4 0 4 12 7 107 0 2 0 31 66 87 437 84 44 22 54 69 191 2568 90 31 3 21 49 112 2519 92 13 0 113 90 60 1309 56 9 1 22 41 168 990 110 48 30 12 60 188 5695 127 44 21 9 25 86 6506 75 6 0 137 88 49 3741 33 8 0 1 36 239 2353 156 60 22 8 41 160 8114 158 43 17 3 22 85 7569 72 2 1 23 23 42 5853 27 1 0 0 0 0 0 0 0 0 0 0 0 0 0 0 0 0 0 0 0 0 0 0 0 0 0 0 0 0 0 1 0 2 9 0 0 0 0 1 0 2 0 0 0 0 0 0 6 0 0 0 0 0 0 0 0 0 0 1 6 9 8 2 6 0 0 0 1 4 0 0 0 0 0 0 3 0 0 0 0 0 1 0 0 0 0 0 10 19 34 18 13 0 1 7 7 8 20 7 0 0 0 0 11 0 0 0 0 0 2 0 0 0 0 13 15 36 69 39 28 15 0 9 50 242 20 11 2 0 17 12 134 7 2 2 2 4 13 44 6 6 0 9 42 69 301 90 27 17 5 23 113 1289 89 42 4 2 23 72 1174 52 10 5 10 36 35 425 13 11 0 6 36 180 808 102 19 20 1 31 148 2918 139 50 1 0 28 95 2618 67 33 4 26 29 55 1227 33 0 0 5 53 185 1299 146 56 13 8 44 164 3617 161 28 7 4 6 105 3632 61 2 9 5 8 38 1647 16 0 0 0 0 0 0 0 0 0 0 0 0 0 0 0 0 0 0 0 0 0 0 0 0 0 0 0 0 0 0 0 0 0 8 0 0 0 0 0 0 0 0 0 0 0 0 0 0 0 0 0 0 0 0 0 0 0 0 3 2 3 4 5 0 0 0 1 2 2 0 0 0 0 0 0 0 0 0 0 0 0 0 0 0 0 0 3 1 5 5 13 2 0 0 2 1 0 7 0 0 0 0 0 2 3 2 0 0 3 1 0 0 0 0 0 11 18 19 7 3 0 0 9 17 13 6 4 0 0 0 3 20 2 4 0 0 5 1 6 0 0 0 1 19 36 43 32 10 3 3 5 29 61 47 12 0 0 12 18 55 7 2 0 3 4 5 23 1 0 0 3 19 68 112 40 27 2 1 9 53 167 80 15 0 0 10 20 210 14 1 1 4 2 8 69 5 0 0 15 34 109 317 135 63 12 6 23 115 519 93 31 1 8 36 93 602 42 22 12 7 34 55 215 18 7 0 0 0 1 1 1 0 0 0 0 1 21 0 0 0 0 0 0 10 0 0 0 0 0 0 0 0 0 0 9 12 34 51 21 1 2 10 10 31 93 10 10 2 6 1 17 49 14 6 0 2 3 2 26 6 0 0 7 17 14 30 14 13 4 7 8 38 55 27 20 6 2 9 14 18 9 4 7 3 1 3 9 4 1 6 6 28 51 76 39 27 8 8 20 35 59 29 20 6 1 12 16 26 9 10 3 2 2 2 14 2 1 0 11 205 264 254 234 116 9 19 64 108 131 59 36 6 9 37 52 64 47 27 6 0 10 21 40 4 13 0 34 419 385 294 228 219 20 9 109 128 302 80 69 14 15 89 80 220 72 34 4 0 20 33 38 38 18 0 18 143 216 253 151 92 10 2 38 182 524 108 34 7 7 35 93 367 68 11 1 0 14 37 106 21 4 0 12 28 81 570 147 51 15 5 20 73 912 82 11 12 7 15 68 557 55 10 1 0 5 29 137 3 2 4 0 3 0 15 0 0 0 0 0 6 22 0 0 0 0 2 3 37 0 0 0 0 0 0 11 0 0 0 7 11 19 43 10 25 4 0 16 22 106 19 21 0 0 7 9 84 7 2 1 0 3 6 15 0 0 0 21 26 34 27 40 34 7 8 14 19 71 38 7 1 5 2 5 32 10 0 1 0 0 1 0 0 0 0 28 88 177 170 127 81 24 21 22 63 168 79 29 11 12 37 29 89 20 0 0 1 8 2 21 1 1 0 231 524 740 998 665 575 127 75 217 463 1736 454 353 85 46 79 172 1042 212 94 27 5 24 61 355 45 35 3 151 886 1286 2352 861 621 108 115 429 1362 6955 948 509 71 42 178 488 5670 503 171 24 14 46 180 2166 177 65 9 68 363 785 2882 629 210 54 38 171 844 11939 730 144 34 15 62 382 12364 454 86 14 0 38 152 5664 118 38 0 2 74 530 3032 418 61 14 16 47 319 10251 290 43 4 4 37 113 10814 180 20 5 0 5 95 6739 49 3 0 0 0 0 143 0 0 0 0 0 6 401 4 0 0 0 0 7 344 3 0 0 0 3 6 101 10 8 23 10 23 46 279 26 11 4 9 24 55 480 45 15 9 7 10 26 505 30 30 6 0 0 0 125 11 5 0 14 32 46 93 65 47 21 11 32 51 247 50 27 9 8 6 7 64 10 1 0 0 0 4 27 10 0 0 79 116 200 788 212 163 95 37 56 287 1702 223 55 11 1 30 69 784 53 6 2 2 5 15 236 13 6 0 539 813 1519 5755 1298 814 402 185 525 1624 23241 1779 689 248 75 201 876 18030 730 201 55 4 63 205 5079 116 46 11 669 1189 2402 16974 2187 1015 331 498 1061 4050 96063 3631 1080 310 221 383 2418 97613 1822 334 82 66 99 413 33676 492 105 21 108 521 1510 19017 1290 383 127 136 507 2587 137782 2335 534 178 56 136 1523 181284 1437 153 102 5 26 406 78955 384 37 4 16 86 644 10470 441 129 23 38 62 753 69680 629 137 23 17 32 335 109287 337 47 5 0 1 139 77094 126 1 1 0 0 0 7 2 0 0 0 0 0 8 1 0 0 0 0 0 6 2 0 0 0 0 0 0 0 0 0 10 8 28 48 24 17 1 5 6 13 36 17 19 0 2 0 1 68 13 2 0 0 0 0 4 0 0 0 22 36 46 68 54 28 20 10 10 40 80 26 21 2 1 7 19 40 5 2 0 0 0 0 5 4 3 0 61 83 122 348 146 93 32 15 63 132 490 144 61 17 8 22 18 141 30 15 0 2 0 5 78 18 4 0 277 610 838 2012 789 496 161 80 431 1309 5898 1073 410 43 20 206 675 3995 586 214 13 12 49 102 1102 83 63 1 271 814 1809 5886 1640 668 138 101 806 3210 23276 2978 770 66 85 288 1630 20486 1502 312 25 1 36 324 6718 417 100 8 50 351 1266 6588 1088 272 39 62 376 2191 31907 1959 367 27 24 141 1115 34610 1218 136 0 7 36 330 13022 286 12 2 22 89 467 3467 390 77 19 9 60 736 16330 471 93 22 0 31 346 20972 271 14 0 1 2 153 12347 104 2 0 0 0 0 12 0 0 0 0 0 0 20 1 0 0 0 0 0 9 0 0 0 0 0 0 0 0 0 0 0 3 11 45 22 3 0 0 2 15 101 11 3 0 1 2 6 92 9 5 0 0 0 0 0 0 0 0 6 19 28 33 37 19 2 1 5 20 57 15 14 0 0 2 13 38 4 2 0 0 0 1 2 2 1 0 11 27 78 39 48 37 11 3 17 36 55 36 25 2 3 12 15 27 13 4 0 0 0 1 10 2 0 0 21 160 206 109 119 132 27 17 125 220 162 232 128 2 10 71 73 97 58 47 2 0 4 22 35 28 19 0 22 210 362 302 288 167 27 14 244 511 671 539 211 1 10 71 312 545 251 88 3 0 9 83 189 78 11 0 20 107 289 447 277 102 24 2 138 621 1423 615 105 8 3 45 319 1376 332 41 0 1 14 112 459 83 0 0 29 59 260 472 185 43 8 8 36 393 1500 313 58 28 3 31 194 1634 194 18 1 1 12 67 698 54 2 0 14 21 54 181 72 33 21 9 24 61 255 51 14 1 7 15 40 145 23 8 15 1 2 8 39 10 9 0 44 73 119 213 129 86 37 9 48 79 123 50 53 22 27 44 40 80 32 28 13 4 5 6 22 14 12 0 35 118 361 675 292 161 38 20 67 123 134 81 78 17 15 38 51 76 37 50 9 2 5 23 6 11 8 1 64 419 1070 2173 1000 327 53 53 90 197 225 161 157 22 12 71 96 105 97 74 24 9 26 19 26 18 21 7 241 1837 3707 4442 2894 1422 129 121 468 640 763 734 516 79 30 310 470 417 483 310 49 22 121 108 112 66 82 16 175 1586 2738 2085 2111 1083 118 64 587 1199 1749 1189 471 47 18 367 722 1051 710 281 22 12 143 159 231 177 96 7 65 348 1147 1553 938 264 37 27 177 845 2489 758 197 6 3 111 438 1616 432 68 6 4 38 166 435 143 17 0 22 82 411 1662 375 79 11 39 86 382 2950 316 63 8 8 48 232 2093 166 19 19 0 9 97 781 45 5 0 27 35 53 371 106 33 17 15 25 69 391 38 9 13 13 29 40 206 15 2 2 4 1 5 57 7 0 0 26 59 107 198 129 75 21 8 46 38 76 56 40 7 2 17 19 33 28 14 4 0 2 6 6 4 0 0 54 257 600 1268 652 299 87 30 139 200 409 225 124 42 8 34 58 138 70 47 4 9 7 3 26 12 2 0 434 1225 2297 4326 2158 1301 409 190 438 1037 2391 1177 712 248 72 291 484 1013 595 352 66 14 38 62 251 74 77 6 1586 7968 12061 15722 10083 7175 1438 761 3879 7779 21109 8224 4788 807 357 2089 3358 12527 4095 2040 227 89 410 633 3275 737 428 36 1266 6896 14775 28326 11508 5548 860 607 4754 12792 67040 12162 5152 668 247 2082 6461 52283 6202 2246 159 18 406 1101 16213 1186 439 28 181 1141 5269 23655 4152 895 152 129 949 5106 78516 4471 946 148 35 429 2807 77461 2885 478 20 0 113 653 29974 734 76 0 26 106 842 7240 687 59 23 44 70 840 27796 616 75 17 8 46 409 35355 488 35 13 1 15 166 21866 136 3 0 26 62 140 862 163 58 13 30 47 80 1512 84 42 29 55 86 154 2649 200 66 41 31 23 44 419 39 4 6 50 103 200 601 171 80 28 22 26 91 192 77 28 13 6 12 25 46 28 20 2 6 1 7 11 1 3 0 184 408 996 4336 1004 434 131 79 165 479 3517 508 164 76 26 53 99 784 101 90 10 8 8 19 123 22 3 4 1087 2311 3728 18485 3694 2696 1356 542 924 2979 30111 3080 1305 567 304 528 1014 14437 1089 529 186 39 99 120 3157 142 78 22 6346 17018 26150 122057 24553 17780 6341 3137 11251 22797 274402 24511 12912 3231 1142 4453 9314 198106 9346 4316 789 144 602 1653 50407 1766 800 143 5061 15334 30323 229185 26259 14030 4026 3412 14910 40179 832870 40629 15559 3171 1115 6464 18193 780023 17329 5025 742 170 924 2815 230794 2749 846 149 449 2206 7903 122013 6305 1840 456 461 3068 14097 695452 12066 2692 454 82 972 7190 912780 6519 1085 326 18 189 1266 379508 1463 272 31 34 164 964 22330 643 124 32 48 128 1312 151136 1171 195 47 3 41 894 288723 934 78 20 0 21 388 205868 274 16 4 6 26 35 147 33 9 2 1 12 16 127 27 12 0 1 9 17 103 19 11 4 0 0 2 12 0 4 0 29 74 139 183 104 38 15 8 29 46 107 57 38 10 5 10 16 45 30 20 1 2 1 3 10 0 1 2 110 240 479 890 484 255 126 34 116 216 531 238 146 35 32 35 73 125 47 61 30 2 13 11 34 9 6 0 423 1322 2051 3234 2061 1496 436 299 748 1136 3413 1507 927 263 133 299 450 1461 424 468 158 39 96 78 406 120 60 13 1741 7967 12773 19438 11940 8545 1760 1118 6946 11230 31516 12167 7884 1334 430 3328 5599 20863 5372 3064 386 75 494 922 5699 1152 641 46 1127 7096 15660 36393 14648 6169 888 777 8353 23044 94914 24227 9141 907 289 3600 11879 75990 11607 3250 326 27 433 2435 24180 2437 603 59 129 1146 4692 20370 3951 798 102 144 1516 9439 83033 9054 1553 144 28 743 5746 87504 5346 661 72 0 114 1436 33660 1267 167 13 35 122 622 4356 468 73 21 28 102 1166 21548 1092 101 24 5 43 805 31513 841 54 2 0 12 294 19877 308 17 1 13 51 67 304 71 33 11 6 12 46 336 35 13 2 4 4 15 285 24 6 0 0 0 1 26 4 0 0 40 91 252 452 327 118 36 14 34 78 162 83 19 5 6 16 40 129 48 11 1 0 3 9 22 1 3 3 30 153 338 724 507 190 27 16 69 104 129 91 47 7 4 23 54 91 51 23 16 0 8 12 28 6 2 2 51 301 645 809 666 379 55 25 189 249 151 239 162 41 11 102 111 101 134 106 29 2 22 15 27 23 13 0 145 1060 1956 1342 1771 1096 116 97 967 1163 603 1270 1142 105 43 474 743 456 708 649 71 12 173 206 175 142 107 9 89 881 2273 1234 1899 831 116 53 1189 2972 2349 3365 1280 72 26 552 2315 2132 2159 698 31 3 168 811 809 508 132 9 56 241 1128 1233 885 237 27 25 361 2258 3714 2279 368 21 4 155 1612 4222 1788 180 8 3 61 646 1758 481 38 5 47 70 308 817 342 82 5 32 134 732 2515 691 170 28 8 82 569 2984 596 93 18 5 27 342 1842 265 31 1 602 1493 2085 2542 2007 1370 602 31 27 87 143 53 34 30 14 19 22 34 18 8 4 5 3 7 25 1 1 0 544 1337 2110 2787 1985 1213 459 19 60 77 102 76 65 23 7 17 47 33 24 13 10 1 3 4 7 2 2 3 305 836 1953 3043 1838 992 238 74 116 146 159 211 136 62 22 61 92 83 82 62 28 2 12 18 12 11 12 3 317 993 1823 3449 1857 1107 374 201 466 483 364 643 563 221 102 324 285 185 245 363 108 28 73 81 20 72 83 20 575 2433 2911 3767 3166 2729 813 479 2364 2289 1190 2754 2954 575 303 1835 1654 621 2128 2156 262 110 466 434 177 510 496 68 197 1403 3145 3300 3632 1969 343 159 2251 4447 3115 5389 2543 282 106 1932 3631 1837 4400 1629 77 37 537 823 318 982 414 16 55 243 1553 3257 1931 417 57 34 379 2841 4948 3277 428 37 19 389 2415 3526 2371 249 15 3 128 709 661 670 74 0 38 55 451 1699 476 88 28 35 93 588 3167 558 44 8 11 71 627 2585 412 36 27 0 9 364 1013 150 6 0 808 1769 4622 11937 4049 1532 758 59 44 56 209 71 34 48 18 23 31 96 21 13 3 4 2 7 36 12 2 0 235 479 808 2677 951 481 276 82 136 212 255 217 139 75 20 60 52 82 67 57 19 4 10 10 11 6 5 0 1044 1445 1699 3560 2181 2033 1052 698 786 862 1394 990 840 739 259 414 431 532 493 570 394 62 75 71 108 78 102 57 3830 6060 5220 8176 5817 7340 5310 3448 4453 3974 5508 5091 6541 4240 1633 3103 2477 2677 2856 5305 2729 401 641 543 723 619 898 386 10674 23621 21513 31371 23664 31784 14299 10520 31050 25498 33160 32303 42475 12963 4932 21504 17223 21163 19405 26901 5726 1018 5010 3846 5353 4122 4981 1059 3859 16179 25935 59122 27384 18044 5191 4315 29247 39166 87899 45551 32640 5529 1825 19622 26726 60241 28566 18028 1727 360 5160 6683 15738 6425 3812 312 254 1655 5875 29607 6101 1751 390 298 3757 11338 72687 12417 3800 403 134 2700 8687 57954 8005 2122 159 24 896 2384 18944 2232 640 40 62 79 492 4182 476 88 41 43 109 857 15206 868 137 37 16 112 805 17290 580 52 31 1 25 371 9471 235 19 0 1828 2464 6543 32619 6287 2630 2324 256 176 239 841 265 227 310 364 379 371 1014 402 426 452 61 60 59 121 46 58 60 536 678 1210 9661 1016 692 491 272 207 338 1207 349 266 330 84 92 106 261 154 112 80 7 9 11 14 9 9 2 2962 2926 3643 18351 3540 3135 3163 2388 1710 2127 7176 2320 1972 2474 1089 994 1067 1988 1052 1327 1411 171 151 200 528 218 227 185 13410 14483 12144 44792 12582 17252 20605 14328 12962 9954 35194 11689 19953 21083 8835 8690 5889 17750 6382 12899 11538 1458 1511 1176 5262 1416 1887 1678 72505 76470 50158 188642 56993 109370 89855 87648 112475 59175 219430 75895 158298 92509 39789 68181 34954 145700 39945 78145 36965 6009 13445 8084 43302 8237 13281 6394 37327 59153 43765 227650 47577 67128 41866 52570 117720 87143 430714 100840 132925 53434 24131 70792 54866 352430 56018 62538 18091 4970 14519 12163 111407 11146 10797 2371 1317 5374 7646 68584 6896 5563 2007 2443 14769 21118 227305 19656 13992 2936 961 8731 14667 264772 13828 7608 1033 522 2409 4471 121909 3465 1919 238 104 142 508 7967 558 179 106 53 302 1202 33681 913 225 76 26 220 1036 65248 825 162 54 0 85 579 52369 448 78 10 1677 1652 2751 5834 2866 1887 1804 68 38 59 169 60 54 37 16 14 21 48 18 19 26 2 3 2 6 2 1 1 206 333 498 1089 496 347 253 75 155 194 295 149 105 96 51 58 61 122 86 51 27 6 15 13 8 8 8 8 720 1781 1738 2854 1676 1495 969 843 795 840 1302 837 901 805 395 499 473 536 511 573 558 83 93 110 117 88 85 78 3088 6128 5188 6850 5417 6839 4723 4078 5287 3708 4516 4435 7721 5498 2576 3892 2297 2446 2459 6063 3776 800 819 582 689 618 1061 771 9526 24757 19471 27494 20367 31122 11743 12958 39954 23048 24885 31128 55358 16086 6722 29377 16587 18139 19641 35097 8280 1681 7317 4295 6585 5078 7637 2069 3251 15484 18752 30416 18525 16259 3646 4647 36911 41307 53464 50387 42306 5156 2062 25214 33012 50651 36343 24089 2499 517 6317 9732 20562 9324 5301 466 300 1511 3600 10159 3347 1630 312 328 4742 11816 31538 12439 4372 320 164 3328 12059 44367 11926 2829 170 19 951 4239 22375 3744 774 45 46 84 330 1406 352 96 77 43 172 870 5965 814 144 60 19 121 875 12792 940 82 18 0 42 556 10324 487 17 1 1314 1522 2841 5168 3790 2258 1461 98 68 101 263 85 74 61 36 26 30 123 18 18 51 4 0 3 22 2 0 0 297 621 1209 2400 1424 660 295 36 76 88 129 96 53 30 6 13 29 75 31 9 20 0 7 7 11 9 0 5 119 628 1097 2322 1185 461 147 85 143 162 199 176 175 94 48 82 67 112 73 87 58 9 15 13 21 32 22 15 194 974 1621 2602 1695 695 185 182 480 350 234 453 560 165 147 386 302 189 257 410 183 85 133 81 65 119 116 55 302 1712 3670 3115 2967 1735 290 324 2252 1894 835 2548 2918 441 259 2344 2035 777 2502 2891 369 114 919 692 371 724 958 110 122 828 2511 1705 2071 971 136 109 2051 4233 1966 5417 2495 219 88 2090 5630 2493 7133 2340 156 41 908 2525 1194 2339 939 63 55 146 639 920 706 170 63 50 306 2158 2150 2644 465 37 13 413 3108 3793 3765 472 24 5 167 1992 2216 1811 168 10 52 91 186 424 224 106 52 51 94 356 1048 443 102 47 17 89 578 2088 580 49 32 0 18 854 2242 427 10 6 7 10 17 75 30 9 7 2 10 22 96 26 5 0 0 4 20 36 4 3 1 0 0 0 11 1 0 0 25 51 76 113 92 59 21 15 48 110 105 63 62 20 2 12 42 32 23 19 4 1 0 2 12 11 2 0 93 178 212 220 212 214 112 99 130 186 219 173 150 81 38 46 119 120 87 67 37 1 0 16 23 27 20 12 210 510 386 390 376 461 301 370 449 439 432 470 463 351 234 277 276 254 273 270 244 43 70 55 86 132 96 45 518 1324 1088 828 1003 1529 840 1007 2395 1570 1034 1534 2379 1352 596 1915 1115 703 1223 2081 803 195 523 304 236 443 634 178 227 938 1642 1374 1831 1279 415 291 2261 3494 1861 3512 3057 695 228 1984 2930 1320 3234 2227 341 70 607 876 345 937 759 54 34 142 827 1391 1052 277 39 58 372 2319 2816 2792 712 77 36 384 2172 2056 2292 443 33 12 151 781 504 666 149 9 11 53 185 407 180 27 23 41 83 350 1418 440 57 32 26 66 420 1162 393 48 15 0 14 440 811 187 9 6 10 33 79 252 72 29 8 10 28 47 251 46 17 8 8 2 17 89 23 6 2 3 0 1 37 3 0 0 171 373 383 386 379 346 217 199 248 305 385 285 222 146 91 135 111 169 138 99 55 15 10 15 24 24 18 2 1114 1364 1293 1493 1272 1359 1012 1690 1462 1442 1509 1323 1353 1255 774 720 842 881 827 795 773 149 148 157 196 206 242 205 3501 3444 2727 2897 2789 3599 4881 6710 5909 4592 4001 4399 6150 8051 3993 4123 3116 2622 3166 5255 5655 920 1082 778 749 958 1405 1260 11004 11954 6930 7779 7513 15133 16700 21002 31502 15011 11721 16829 41609 28851 13233 27038 11501 8966 13653 34538 14949 2984 8217 3547 2729 4315 9918 3643 3940 8291 9028 14126 10052 11375 5859 8557 29527 24337 25405 28604 36057 13158 4919 25574 19899 19202 23102 27185 5763 1052 7877 6215 6223 7470 8214 1112 276 855 1871 6658 2408 1099 319 716 4071 7445 18555 8509 4598 799 436 3711 6586 16067 6934 3323 571 102 1096 2358 5311 2731 1246 168 13 60 212 1027 319 46 31 48 113 509 3291 605 110 64 36 120 450 3623 423 141 27 3 62 303 2046 186 51 10 59 131 187 926 210 114 52 39 46 154 1323 143 66 41 38 99 199 2802 175 94 37 2 15 29 282 37 18 9 724 890 759 1358 831 901 583 783 937 736 861 716 679 533 418 349 332 393 395 337 145 48 21 42 79 63 58 39 4666 3641 2839 3839 2819 3539 4101 8025 5187 4432 4752 4222 4786 6828 4091 2267 2668 3009 2737 2472 3555 797 494 680 901 728 825 800 15184 10377 8411 9411 8360 10827 21592 37878 22676 18684 16570 18408 25501 47115 25390 17290 13181 11540 13160 21927 34626 5169 4802 3772 3774 4004 5940 7680 80648 40521 15245 27356 16315 53800 112791 203040 126254 39660 43611 46710 180151 243489 124947 107155 31290 36193 36717 138902 126418 27413 31230 11197 14212 12742 34653 28111 45507 34084 11477 29706 13189 39039 54540 134628 136127 43752 60208 51537 162136 146602 75194 107127 34936 55818 42102 116043 74458 13924 29693 12809 24215 12895 29426 13283 2410 3168 2209 11857 2284 3745 3242 7533 18655 10909 31855 10553 18566 9482 4725 15218 9436 36403 10152 14859 4537 846 4571 4303 18773 4107 5246 1152 18 49 346 3376 375 111 63 107 319 698 5884 474 274 123 98 373 559 8382 401 346 132 3 135 551 7600 362 264 100 14 16 51 189 64 28 8 5 14 46 258 31 26 15 0 0 16 82 23 6 3 0 1 0 14 4 2 0 156 244 308 402 293 243 141 169 255 271 296 198 157 174 130 98 132 173 99 113 38 3 9 27 29 35 16 9 815 1105 1005 1016 858 1077 815 1314 1195 1128 1230 1174 1158 1343 750 615 740 786 683 761 869 170 135 180 229 202 214 219 2708 2718 2241 2037 2063 2561 3335 5748 5201 4112 3355 4012 6418 7708 4323 4462 2845 2287 2792 6135 6112 1316 1359 896 815 1063 2047 1834 7217 8305 3949 4365 4048 9334 8140 18325 29174 10984 7299 13261 37890 24701 12872 27824 9626 6411 12002 36794 15407 4382 10389 3847 3047 4606 12210 4676 2500 5433 3441 4495 3128 5623 2360 6860 26546 16115 9579 18237 29804 7947 4321 25541 16523 12730 20404 26976 5223 1144 9493 6823 7086 7686 9049 1044 167 490 1029 2002 772 567 218 624 3308 4234 5852 4449 3001 453 526 3796 5566 10691 5942 3248 328 90 1407 2956 7147 3038 1391 131 14 24 328 769 344 43 29 75 121 384 1312 296 88 42 39 109 404 3160 400 119 40 9 46 383 3079 351 64 11 5 17 73 194 40 12 11 5 2 34 298 50 11 5 1 3 7 68 15 1 0 1 0 1 17 0 0 0 39 72 150 235 141 76 47 16 45 100 104 72 38 10 16 22 44 65 23 4 5 3 1 4 11 1 5 0 41 105 219 359 187 124 67 53 96 112 121 104 82 68 36 48 70 66 75 39 25 11 6 13 28 24 15 13 67 165 340 607 300 177 85 132 275 213 160 232 344 144 137 275 134 99 159 274 171 83 95 56 61 82 118 89 166 371 497 1526 490 330 143 438 1077 724 364 800 1074 519 374 1343 849 388 937 1682 451 177 620 368 226 480 829 234 46 194 269 1454 250 154 89 174 954 1299 486 1340 955 218 185 1353 2108 952 2513 1448 209 54 753 1093 554 1453 886 93 9 46 171 527 116 36 29 44 142 511 449 609 194 45 26 266 1141 1330 1393 330 28 32 116 889 875 1056 207 4 18 24 163 227 120 38 20 28 55 145 233 137 56 30 12 63 270 642 261 58 1 4 20 306 668 289 17 0 0 0 0 1 0 0 0 0 1 1 0 1 0 0 0 0 0 2 0 0 0 0 0 0 0 0 0 0 4 3 26 27 15 13 0 3 9 25 19 28 12 4 1 5 16 9 15 14 0 0 0 1 0 0 0 0 18 28 26 38 32 28 16 24 39 44 54 45 31 13 11 19 35 55 35 35 19 8 4 7 4 4 7 4 56 71 61 76 64 71 49 156 147 111 115 125 120 127 73 104 88 111 130 86 73 19 18 34 56 39 27 17 127 182 139 134 127 205 154 426 741 394 306 335 670 583 232 444 249 195 363 564 417 127 151 103 102 143 186 124 60 239 205 200 200 207 120 209 785 921 510 795 1009 473 135 644 630 320 692 899 267 57 255 199 130 316 293 48 4 43 165 205 156 70 13 18 161 711 723 788 387 45 20 137 521 365 623 277 37 8 62 209 195 271 82 20 2 4 39 118 42 7 3 9 8 141 436 120 31 11 13 30 111 247 192 21 7 0 12 177 245 55 11 1 0 0 0 12 2 0 0 0 1 4 18 1 1 0 0 0 0 9 0 0 0 0 0 0 3 0 0 0 10 29 33 98 59 33 36 12 61 49 122 64 75 37 2 29 44 44 33 43 14 1 1 4 20 5 5 2 84 159 176 170 150 160 129 299 382 342 406 412 396 311 212 185 219 196 293 322 204 50 57 70 100 102 107 39 384 375 366 307 332 354 463 1584 1210 1162 962 1082 1425 1788 1072 846 739 693 848 1071 1340 267 288 267 294 373 475 399 1646 1188 702 972 555 1162 2160 6269 6072 2744 2302 2809 7336 9147 4867 5652 2305 1539 2398 6846 5646 1316 1955 948 789 1142 2609 1415 694 937 892 1672 894 1281 1125 3083 6837 4054 3631 4855 8778 5195 2055 6270 3914 2844 4238 7662 3413 554 2371 1465 1335 1650 2661 822 70 110 318 1117 483 158 79 293 1100 1586 3076 1991 1423 341 178 1146 1458 2258 1867 1446 337 61 399 603 938 858 570 143 5 10 104 372 136 18 6 30 67 203 828 200 37 13 14 51 83 535 123 81 22 1 21 73 272 73 16 25 2 1 1 55 1 0 0 0 0 0 161 0 0 0 0 1 0 278 4 0 0 0 0 0 36 2 0 0 49 71 83 261 78 72 48 63 136 154 439 155 192 139 33 126 69 508 100 122 71 17 14 23 94 22 41 14 458 396 313 479 392 395 486 1651 1366 1209 1060 1013 1418 1639 803 794 731 827 831 1024 1092 323 215 266 273 283 412 261 1486 983 970 1299 1009 1149 2092 8609 5302 4858 4162 4837 5309 9892 6025 4134 3580 3007 3738 4817 7793 1777 1563 1423 1321 1433 2102 2144 8736 3909 1369 4562 1456 3843 12704 49450 24639 8514 8012 9134 29665 71629 39762 24134 8170 7145 8816 30700 48179 12369 9373 4134 3961 4540 11296 12130 5453 2866 1233 7635 1181 3579 7942 40750 30092 7419 8778 8300 36021 54962 27597 28933 7278 8787 8690 34041 39006 6399 10113 3400 4972 3361 11826 8443 333 301 615 4994 518 382 639 3369 4373 1969 6201 2227 5513 4888 2772 4636 2095 6111 2409 6171 3569 770 1707 1066 3351 1101 2708 1528 11 9 144 1270 146 16 7 70 104 259 1671 165 86 143 41 144 128 1199 115 182 127 8 59 107 1167 81 194 183 0 0 2 12 1 1 0 0 0 0 38 0 0 0 0 0 0 8 0 0 0 0 0 0 0 0 0 0 12 23 64 87 39 19 27 7 27 47 108 41 49 30 10 9 18 49 22 46 12 1 2 3 18 12 10 11 82 90 138 107 117 112 87 268 355 331 317 280 320 284 107 197 179 181 189 276 213 27 41 56 78 76 118 59 226 212 230 266 240 250 310 1505 1268 981 758 892 1069 1610 958 930 714 536 641 1093 1281 339 331 223 228 265 556 444 791 705 396 947 362 607 785 4786 5197 2128 1520 2278 5661 6142 4322 5767 1907 1342 2319 6671 5243 1509 2477 850 735 1015 3235 1793 336 468 726 1719 331 470 324 2053 5309 2653 1480 2892 5926 2550 1768 6083 3133 2241 3681 6910 2366 554 2655 1639 1468 1773 3014 772 35 95 520 1231 462 55 46 217 701 765 1125 843 882 273 173 983 1191 2074 1318 1011 211 74 391 641 1536 650 586 59 4 5 112 338 180 5 7 35 40 141 354 106 22 22 13 48 115 557 65 44 18 1 12 60 587 56 19 3 0 0 0 2 0 0 0 0 0 0 7 0 0 0 0 0 0 17 0 0 0 0 0 0 0 0 0 0 4 5 25 74 5 8 6 3 1 25 68 9 2 1 2 3 9 28 12 4 1 0 0 0 0 0 0 0 8 15 55 147 49 17 8 10 27 35 38 22 16 6 8 10 12 15 20 15 14 0 0 2 7 7 7 3 15 17 64 205 60 28 8 22 54 49 57 62 49 23 37 39 44 35 32 64 50 7 16 15 24 19 14 17 7 30 52 394 50 18 17 143 191 122 90 121 169 116 143 305 115 104 187 247 200 64 122 49 42 124 209 116 4 17 40 881 60 27 9 59 143 161 52 167 184 78 73 332 282 178 427 395 139 14 164 237 135 314 325 60 5 6 117 552 80 6 2 11 37 75 70 116 54 7 10 89 203 227 298 118 28 4 48 153 159 203 94 1 1 23 51 102 39 12 9 4 11 38 57 54 22 16 0 15 81 167 88 16 3 7 15 49 65 63 3 0 0 0 0 0 0 0 0 0 0 0 0 0 0 0 0 0 0 0 0 0 0 0 0 0 0 0 0 0 0 0 3 1 0 0 0 0 0 1 2 2 0 0 0 0 1 0 0 0 0 0 0 0 0 0 0 0 1 4 4 4 3 0 4 7 11 12 3 3 2 0 1 5 2 4 5 1 3 0 0 0 0 0 0 0 0 10 7 9 8 4 12 11 14 27 21 18 15 27 2 7 9 24 8 19 11 0 1 1 12 1 0 1 12 11 8 27 11 8 16 94 117 61 59 54 99 119 64 109 52 61 37 80 56 12 17 23 27 26 27 29 7 19 14 61 14 9 9 41 152 152 107 95 184 111 53 108 89 60 88 190 70 16 49 29 17 49 58 12 0 8 43 55 17 0 6 1 48 154 177 118 53 17 19 40 84 54 123 77 30 9 26 62 29 33 26 7 10 18 45 70 19 16 2 15 30 96 203 65 27 16 19 52 120 124 105 44 13 21 22 49 58 50 24 0 0 0 0 0 0 0 0 0 0 0 0 0 0 0 0 0 0 0 0 0 0 0 0 0 0 0 0 0 0 0 2 4 0 1 0 0 3 5 25 10 1 0 0 0 1 26 2 2 0 0 0 0 3 0 0 0 3 7 5 26 8 14 11 23 27 49 39 22 38 32 14 18 24 13 18 51 4 4 6 2 2 11 7 2 13 21 25 69 6 8 14 167 135 117 125 140 104 177 98 83 94 84 109 112 125 29 36 41 39 41 43 17 72 28 36 376 31 47 83 784 541 250 292 280 503 1072 596 648 238 266 265 596 915 133 204 99 107 158 274 240 25 36 71 528 54 32 85 464 684 478 474 504 839 810 400 1070 519 338 504 943 722 92 337 156 165 218 500 203 10 4 42 245 60 14 22 92 115 178 547 202 207 78 48 166 207 160 220 253 105 31 88 78 118 138 149 48 2 1 29 119 10 1 3 7 13 41 177 32 9 20 11 24 37 90 54 34 16 6 20 31 53 7 8 17 0 0 0 0 0 0 0 0 0 0 0 0 0 0 0 0 0 0 0 0 0 0 0 0 0 0 0 0 0 1 3 8 0 1 0 0 2 20 118 27 23 2 0 0 0 22 13 20 0 0 0 0 5 15 0 0 23 14 18 83 31 33 8 100 90 61 108 91 126 111 109 74 75 89 99 113 55 4 26 11 13 29 58 23 34 20 21 678 35 15 32 657 463 413 489 444 479 638 688 459 398 345 410 454 715 224 195 187 167 173 241 138 347 136 66 4966 115 85 252 4847 2146 983 1926 1062 2123 6376 4607 2629 1089 985 1209 2974 7927 1457 1022 629 571 693 1443 2110 162 78 120 3111 112 105 247 3930 3111 660 1474 700 3329 6128 4501 4292 1186 1145 1169 5074 7811 874 1406 618 794 545 1795 1951 46 11 142 1043 97 38 52 667 500 225 947 282 608 594 793 830 379 799 333 1249 709 244 290 188 517 230 586 590 4 0 18 241 9 7 3 18 35 51 354 39 6 7 33 66 55 240 54 31 34 23 32 13 174 15 34 53 0 0 0 0 0 0 0 0 0 0 0 0 0 0 0 0 0 0 0 0 0 0 0 0 0 0 0 0 1 0 2 2 0 6 0 0 1 2 29 6 5 0 0 0 0 14 0 3 0 0 0 0 0 0 2 0 4 11 11 21 8 5 0 7 35 26 28 18 14 19 12 10 25 57 24 29 10 0 3 1 2 14 34 11 7 8 15 185 13 8 17 109 117 102 83 109 98 146 112 90 91 72 84 112 118 29 35 26 19 29 87 68 15 45 30 2183 41 26 29 486 353 239 330 197 327 596 559 582 269 219 275 638 803 190 303 125 81 186 385 342 15 30 138 956 35 17 18 282 504 266 357 160 482 298 413 960 383 304 391 852 535 102 458 240 238 191 546 231 20 9 92 190 54 17 6 61 96 111 133 104 82 49 74 211 198 281 206 186 41 20 48 148 220 113 115 9 2 0 6 66 41 9 3 13 23 58 93 16 11 3 55 30 56 108 35 30 25 8 9 20 78 31 13 12 0 0 0 0 0 0 0 0 0 0 0 0 0 0 0 0 0 0 0 0 0 0 0 0 0 0 0 0 0 0 6 14 3 3 0 0 0 1 1 0 0 0 0 0 0 26 0 1 0 0 0 0 0 0 0 0 0 8 16 24 9 0 1 0 2 6 6 5 1 0 0 0 3 4 6 3 0 0 0 1 3 0 0 0 0 5 26 200 19 5 1 2 13 9 1 4 6 3 0 9 12 12 8 8 1 0 0 1 6 4 2 6 0 0 35 967 41 4 2 15 23 27 11 11 33 26 18 53 22 21 20 49 45 4 12 7 9 8 25 17 0 2 22 291 8 3 1 15 22 42 28 20 24 18 26 107 37 25 70 85 54 4 25 20 30 43 47 16 0 4 19 69 6 7 3 7 17 27 20 21 15 5 26 63 75 50 65 27 15 1 8 14 31 48 17 2 5 5 29 59 18 11 10 8 20 40 69 41 25 15 47 92 103 160 77 22 38 8 20 30 33 25 14 0 
# labels_transition
"L", "v", "\dot v(t)", "\dot h(t)", "\dot \psi(t)", "\dot v(t+1)", "\dot h(t+1)", "\dot \psi(t+1)" 
# G_transition
0 0 0 0 0 1 1 1 
0 0 0 0 0 1 0 1 
0 0 0 0 0 1 0 0 
0 0 0 0 0 0 1 0 
0 0 0 0 0 0 0 1 
0 0 0 0 0 0 0 0 
0 0 0 0 0 1 0 1 
0 0 0 0 0 0 0 0 
# r_transition
4 8 5 7 7 5 7 7 
# N_transition
0 0 0 0 0 0 0 0 0 0 0 0 0 0 0 0 0 0 0 0 18 1 0 0 0 4 1 0 0 0 0 0 0 0 0 0 0 0 0 0 31 2 0 0 0 23 2 0 0 0 0 0 0 0 0 0 0 0 0 0 48 2 0 0 0 14 2 0 0 0 7 0 0 0 0 4 1 0 0 0 106 6 0 0 0 84 9 0 0 0 47 3 0 0 0 6 2 0 0 0 160 2 0 0 0 120 6 0 0 0 164 5 0 0 0 32 4 0 0 0 133 2 0 0 0 171 2 0 0 0 205 1 0 0 0 37 2 0 0 0 438 2 0 0 0 423 3 0 0 0 675 5 0 0 0 260 1 0 0 0 0 0 0 0 0 0 0 0 0 0 0 0 0 0 0 0 0 0 0 0 0 17 2 0 0 0 11 0 0 0 0 2 0 0 0 0 0 0 0 0 0 24 3 0 0 0 17 5 0 0 0 1 0 0 0 0 3 1 0 0 1 37 7 0 0 0 51 9 0 0 0 0 0 0 0 0 0 0 0 0 3 106 9 0 0 0 161 13 0 0 0 66 8 0 0 0 22 5 0 0 10 299 8 0 0 3 346 23 0 0 2 225 22 0 0 0 251 30 0 0 19 303 5 0 0 8 665 18 0 0 5 574 20 0 0 1 375 13 0 0 81 989 6 0 0 65 1420 20 0 0 61 944 10 0 0 21 598 14 0 0 0 0 0 0 0 0 0 0 0 0 0 0 0 0 0 0 0 0 0 0 0 1 15 2 0 0 0 44 1 0 0 1 21 0 0 0 0 17 0 0 0 3 38 4 0 0 0 16 2 0 0 0 0 0 0 0 0 2 1 0 0 0 91 13 0 0 0 54 7 0 0 0 3 1 0 0 0 0 0 0 0 5 232 9 0 0 4 623 19 0 0 1 398 8 0 0 0 128 6 0 0 23 744 16 0 0 21 2926 62 0 0 9 2794 47 0 0 4 1646 30 0 0 41 1307 17 0 0 83 5920 58 0 0 58 6565 52 0 0 40 3987 37 0 0 175 2580 14 0 0 257 8006 49 0 0 182 7336 33 0 0 102 5793 36 0 0 0 0 0 0 0 0 0 0 0 0 0 0 0 0 0 0 0 0 0 0 0 0 14 1 0 0 1 2 0 0 0 0 7 0 0 0 0 0 0 0 0 3 25 2 0 0 0 6 0 0 0 0 2 0 0 0 0 1 0 0 0 0 88 5 0 0 0 51 2 0 0 1 11 2 0 0 0 1 1 0 0 6 205 3 0 0 7 351 5 0 0 1 197 3 0 0 1 79 4 0 0 22 583 5 0 0 64 1618 11 0 0 59 1393 9 0 0 10 564 4 0 0 72 1123 9 0 0 220 3198 9 0 0 174 2844 6 0 0 93 1338 2 0 0 202 1543 4 0 2 391 3673 4 0 1 368 3519 2 0 0 168 1594 2 0 0 0 0 0 0 0 0 0 0 0 0 0 0 0 0 0 0 0 0 0 0 0 0 11 0 0 0 0 0 0 0 0 0 0 0 0 0 0 0 0 0 0 0 16 0 0 0 0 6 0 0 0 0 0 0 0 0 0 0 0 0 0 0 26 0 0 0 0 11 0 0 0 0 7 0 0 0 0 4 0 0 0 6 60 0 0 0 1 53 0 0 0 0 29 0 0 0 0 14 0 0 0 2 165 0 0 0 3 190 0 0 0 1 109 0 0 0 2 36 0 0 0 24 274 0 0 0 29 330 0 0 0 15 288 0 0 0 6 102 0 0 1 96 609 0 0 0 124 714 0 0 2 100 747 0 0 0 34 326 0 0 0 0 0 17 5 0 0 0 6 2 0 0 0 0 0 0 0 0 108 9 0 0 0 141 23 0 0 0 84 9 0 0 0 34 5 0 0 0 82 11 0 0 0 142 19 0 0 0 54 7 0 0 0 25 1 0 0 0 195 23 0 0 0 163 13 0 0 0 64 11 0 0 0 23 1 0 0 0 916 47 0 0 0 391 53 0 0 0 223 23 0 0 0 74 12 0 0 0 1436 30 0 0 0 641 56 0 0 0 474 35 0 0 0 137 14 0 0 0 811 6 0 0 0 836 26 0 0 0 557 23 0 0 0 181 6 0 0 0 821 1 0 0 0 1021 9 0 0 0 667 13 0 0 0 168 2 0 0 0 0 14 1 0 0 0 21 3 0 0 0 38 3 0 0 0 10 1 0 0 0 99 18 0 0 0 148 35 0 0 0 93 15 0 0 0 21 3 0 0 0 158 28 0 0 0 125 33 0 0 0 44 8 0 0 0 0 0 0 0 5 618 83 0 0 0 349 51 0 0 0 163 30 0 0 0 22 6 0 0 69 3475 245 0 0 4 3006 377 0 0 0 1481 209 0 0 1 464 75 0 0 172 5738 161 0 0 41 9427 548 0 0 10 6421 454 0 0 4 2414 192 0 0 145 4449 79 0 0 93 12490 393 0 0 44 12017 526 0 0 12 5567 267 0 0 149 3694 42 0 0 195 9921 171 0 0 118 10163 221 0 0 35 6372 186 0 0 0 1 137 1 0 0 0 400 3 0 0 0 352 0 0 0 0 152 0 0 0 1 365 22 0 0 1 606 31 0 0 1 593 17 0 0 0 137 1 0 0 1 303 33 0 0 0 404 30 0 0 0 87 12 0 0 0 39 3 0 0 6 1561 100 0 0 3 2332 113 0 0 2 950 39 0 0 1 273 15 0 0 143 10799 328 0 0 78 28031 668 0 0 42 20237 437 0 0 6 5551 114 0 0 442 23756 335 0 0 644 105340 1305 0 0 445 102473 1020 0 0 125 34899 368 0 0 568 21650 143 0 0 1485 140133 753 0 0 1291 182017 960 0 0 467 79427 424 0 1 552 10955 47 0 0 1423 68369 230 0 0 1483 106969 286 0 0 781 75880 235 0 0 0 0 11 2 0 0 2 7 2 0 0 1 12 1 0 0 0 0 0 0 0 4 124 12 0 0 0 70 23 0 0 3 65 14 0 0 0 4 0 0 0 0 255 26 0 0 1 174 17 0 0 1 66 8 0 0 0 11 2 0 0 7 885 38 0 0 7 929 31 0 0 3 232 11 0 0 1 107 6 0 0 107 5191 85 0 0 186 9482 154 0 0 112 5974 57 0 0 37 1466 26 0 0 548 10864 60 0 0 1216 30933 133 0 0 959 24376 98 0 0 295 7693 28 0 0 735 8857 16 0 0 2501 34795 56 0 0 2412 35819 58 0 0 881 13332 22 0 1 554 3983 6 0 2 1792 15870 15 0 0 2199 19584 12 0 0 1160 11679 4 0 0 0 0 13 0 0 0 0 21 0 0 0 0 10 0 0 0 0 0 0 0 0 0 82 0 0 0 0 132 0 0 0 0 114 0 0 0 0 0 0 0 0 0 146 0 0 0 0 113 0 0 0 0 58 0 0 0 0 5 0 0 0 2 259 0 0 0 0 186 0 0 0 1 77 0 0 0 0 15 0 0 0 17 769 0 0 0 13 919 0 0 0 0 381 0 0 0 2 108 0 0 0 88 1374 0 0 0 92 2239 0 0 0 65 1364 0 0 0 26 390 0 0 0 147 1159 0 0 0 320 2716 0 0 0 213 2040 0 0 0 72 666 0 0 1 150 882 0 0 1 352 2006 0 0 0 313 1791 0 0 0 133 744 302 60 0 0 0 345 66 0 0 0 208 40 1 0 0 57 13 0 0 0 579 48 0 0 0 343 44 0 0 0 235 30 0 0 0 58 5 0 0 0 1357 104 0 0 0 442 77 0 0 0 246 30 0 0 0 50 4 0 0 0 4241 258 0 0 0 781 138 0 0 0 400 75 0 0 0 103 20 0 0 0 13390 580 0 0 0 2900 472 0 0 0 1783 313 0 0 0 435 99 0 0 0 9584 266 0 0 0 4924 320 0 0 0 2996 204 0 0 0 796 47 0 0 0 4182 52 0 0 0 4189 104 0 0 0 2489 83 0 0 0 759 39 0 0 0 2536 7 0 0 0 3595 35 0 0 0 2461 31 0 0 0 901 14 0 0 0 0 545 74 0 0 0 467 80 0 0 0 252 51 0 0 0 60 12 0 0 0 511 92 0 0 0 210 68 0 0 0 84 38 0 0 0 11 8 0 0 18 2819 383 0 0 0 969 218 0 0 0 281 87 0 0 0 46 16 0 0 156 10833 1234 0 0 5 5382 1000 0 0 1 2422 533 0 0 0 436 97 0 0 888 51231 3939 0 0 55 42828 4845 0 0 21 22217 2671 0 0 2 5023 617 0 0 985 65107 1948 0 0 327 96238 5081 0 0 183 64589 4155 0 0 26 17877 1376 0 0 669 32840 415 0 0 620 84000 2234 0 0 353 78677 3212 0 0 97 29495 1573 0 0 477 8288 64 0 0 689 27660 376 0 0 424 34707 780 0 0 127 21281 692 0 0 0 3 1243 54 0 0 1 1727 62 0 0 0 3190 46 0 0 0 556 4 0 0 0 1124 116 0 0 0 383 72 0 0 0 99 45 0 0 0 21 8 0 0 22 7143 391 0 0 2 4855 246 0 0 0 1085 107 0 0 0 170 22 0 0 131 32092 1428 0 0 36 38570 1283 1 0 11 17775 607 0 0 1 3600 143 0 0 1385 214887 4841 0 0 928 347453 6474 0 0 451 225167 3560 0 0 103 55004 834 0 0 4957 314452 2248 0 0 6107 937002 6087 0 0 3709 821414 4702 0 0 874 236818 1379 0 0 4051 135148 399 0 0 8834 714810 2107 0 0 6942 918707 2577 0 0 2177 379608 1120 0 0 1171 23096 59 0 2 3592 150466 303 0 3 3985 286802 522 0 1 2030 204637 416 0 0 0 2 206 56 0 0 0 134 62 0 0 1 114 42 0 0 0 11 8 0 0 2 532 49 0 0 1 247 52 0 0 0 86 39 0 0 0 12 8 0 0 12 2480 128 0 0 7 1267 81 0 0 1 382 43 0 0 1 71 5 0 0 83 10772 313 0 0 56 8152 254 0 0 25 3363 155 0 0 5 800 36 0 0 1530 62751 629 0 0 1371 71653 904 0 0 681 38949 515 0 0 165 9018 154 0 0 5461 76198 228 0 0 7832 154716 577 0 0 4688 103679 426 0 0 1202 29666 122 0 0 3496 27561 35 0 0 8744 96112 86 0 0 7462 93071 85 0 0 2364 34667 35 0 6 846 4799 5 0 8 2957 21132 13 0 6 3631 29772 18 0 1 1994 18613 14 0 0 0 0 690 0 0 0 0 453 0 0 0 0 339 0 0 0 0 30 0 0 0 0 1588 0 0 0 0 403 0 0 0 0 252 0 0 0 0 39 0 0 0 0 1983 0 0 0 0 469 0 0 0 0 263 0 0 0 0 62 0 0 0 14 2816 0 0 0 3 1068 0 0 0 1 618 0 0 0 1 104 0 0 0 276 7165 0 0 0 81 5455 0 0 0 23 3272 0 0 0 5 878 0 0 0 635 6670 0 0 0 701 10941 0 0 0 451 7875 0 0 0 130 2504 0 0 0 573 3213 0 0 0 1220 7967 0 0 0 1009 7233 0 0 0 326 2816 0 0 3 312 1351 0 0 4 684 3559 0 0 4 691 3670 0 0 0 378 2208 8750 1917 0 0 0 331 75 0 0 0 96 22 0 0 0 37 4 0 0 0 10079 426 0 0 0 358 69 0 0 0 128 25 0 0 0 18 3 0 0 0 9013 400 0 0 0 709 193 0 0 0 321 115 0 0 0 49 23 0 0 0 9759 747 0 0 0 2260 654 0 0 0 1139 483 0 0 0 253 128 0 0 0 15863 1341 0 0 0 10668 1863 0 0 0 7405 1565 0 0 0 1846 426 0 0 0 13470 497 0 0 0 17029 885 0 0 0 12778 658 0 0 0 2950 154 0 0 0 7253 59 0 0 0 11330 115 0 0 0 8544 92 0 0 0 2140 26 0 0 0 2918 9 0 0 0 4452 16 0 0 0 3601 16 0 0 0 1461 8 0 0 0 2 23045 1716 0 0 0 409 123 0 0 0 165 38 0 0 0 58 6 0 0 6 5394 519 0 0 0 912 203 0 0 0 274 86 0 0 0 32 13 0 0 43 11313 1574 0 0 3 5084 1203 0 0 1 2345 739 0 0 0 407 146 0 0 110 36479 4915 0 0 11 27695 5270 0 0 2 16805 3983 0 0 0 3348 872 0 0 501 144034 11746 0 0 241 169557 17457 0 0 147 105200 11118 0 0 23 22654 2790 0 0 1393 149880 3709 0 0 1537 233864 7576 0 0 1139 149829 5342 0 0 248 36768 1547 0 0 1292 44440 348 0 0 2137 102076 1393 0 0 1543 77065 1599 0 0 385 24075 794 0 0 464 5263 31 0 0 881 17064 159 0 0 795 18476 266 0 0 269 9804 263 0 0 0 22 52742 503 0 0 0 2174 124 0 0 0 3368 42 0 0 0 457 7 0 0 39 13798 440 0 0 3 2743 235 0 0 1 778 120 0 0 0 46 16 0 0 93 36009 1553 0 0 25 18874 1290 0 0 7 7997 908 0 0 0 1510 186 0 0 427 130120 4790 0 0 195 119387 5968 0 0 52 67481 4745 0 0 6 13346 1106 0 0 4713 628051 10752 0 0 4274 783485 19064 0 0 2336 429988 12538 0 0 368 95446 3367 0 0 12979 508533 2396 0 0 18237 949170 6649 0 0 11350 621405 4905 0 0 2367 163066 1557 0 0 5244 93181 187 0 0 10633 292794 807 0 0 7988 303092 1031 0 0 2345 131574 563 0 2 683 9102 20 0 2 1843 35473 68 0 2 1907 66261 151 0 0 996 52418 178 0 0 0 9 16359 2090 0 0 0 381 100 0 0 0 126 43 0 0 0 10 5 0 0 32 3017 153 0 0 0 995 77 0 0 1 424 38 0 0 0 57 11 0 0 102 10817 343 0 0 27 6098 245 0 0 8 3399 180 0 0 0 604 55 0 0 547 37241 521 0 0 272 34751 668 0 0 105 22989 690 0 0 18 5147 259 0 0 5360 137964 814 0 0 5288 197169 1787 0 0 2860 129788 2017 0 0 531 33782 790 0 0 10780 94921 162 0 0 18002 214155 749 0 0 11571 160577 799 0 0 2678 48978 330 0 0 3390 17444 10 0 0 8208 56726 43 0 0 7262 66438 79 0 0 2483 29190 36 0 4 461 1932 5 0 9 1169 6839 6 0 4 1647 12940 3 0 0 1084 10092 3 0 0 0 4 18102 0 0 0 0 751 0 0 0 0 295 0 0 0 0 31 0 0 0 20 6479 0 0 0 1 498 0 0 0 0 182 0 0 0 0 40 0 0 0 42 5750 0 0 0 2 1038 0 0 0 1 542 0 0 0 0 129 0 0 0 203 7656 0 0 0 18 2429 0 0 0 6 1893 0 0 0 1 670 0 0 0 1009 12682 0 0 0 263 10975 0 0 0 181 11131 0 0 0 35 3929 0 0 0 1015 7220 0 0 0 1384 14920 0 0 0 1446 18465 0 0 0 412 7665 0 0 0 530 2112 0 0 0 1201 6405 0 0 0 1616 9819 0 0 0 704 5648 0 0 3 206 918 0 0 2 397 1722 0 0 1 587 2824 0 0 0 452 3061 121 28 0 0 0 124 37 0 0 0 54 15 0 0 0 9 3 0 0 0 348 80 0 0 0 331 91 0 0 0 109 24 0 0 0 22 7 0 0 0 1006 247 0 0 0 804 233 0 0 0 373 136 0 0 0 68 31 0 0 0 2236 413 0 0 0 2354 614 0 0 0 1350 471 0 0 0 385 139 0 0 0 6368 742 0 0 0 9633 1636 0 0 0 7007 1400 0 0 0 2027 454 0 0 0 7555 312 0 0 0 14507 876 0 0 0 11654 683 0 0 0 3426 196 0 0 0 4036 24 0 0 0 9503 81 0 0 0 7594 65 0 0 0 2278 24 0 0 0 1012 5 0 0 0 2649 11 0 0 0 2306 7 0 0 0 1504 2 0 0 0 0 395 78 0 0 0 330 74 0 0 0 115 35 0 0 0 36 9 0 0 1 1851 409 0 0 2 1391 399 0 0 0 608 187 0 0 0 82 27 0 0 5 7809 1159 0 0 0 8389 1629 0 0 1 4585 1027 0 0 0 1008 284 0 0 19 21339 2576 0 0 8 34396 5429 0 0 7 23068 4702 0 0 1 5858 1266 0 0 205 71229 6072 0 0 189 150337 16066 0 0 131 111282 12560 0 0 40 31382 3884 0 0 514 62300 1588 0 0 869 161854 5330 0 0 793 121672 4071 0 0 242 36734 1245 0 0 511 14095 117 0 0 1197 45716 378 0 0 1029 37866 354 0 0 313 12866 172 0 0 122 1687 21 0 0 423 4842 27 0 0 324 4858 47 0 0 192 2597 35 0 0 0 1 1605 71 0 0 1 1730 87 0 0 0 3409 25 0 0 0 379 5 0 0 3 5658 359 0 0 0 4832 389 0 0 0 2161 200 0 0 0 318 33 0 0 59 24428 926 0 0 53 36438 1620 0 0 21 19617 1177 0 0 2 4912 308 0 0 314 81380 1980 0 0 405 180409 5402 0 0 210 131180 5239 0 0 35 33259 1814 0 0 2155 339809 3969 0 0 4234 860665 14644 0 0 3054 584041 12593 0 0 726 153907 4468 0 0 4745 224892 774 0 0 12371 720193 3846 0 0 10241 491608 3558 0 0 3051 131604 1272 0 0 1375 28304 74 0 0 5210 103905 211 0 0 4799 90740 307 0 0 1789 36841 176 0 0 224 4151 15 0 4 572 7488 14 0 0 574 9832 30 0 0 346 8613 40 0 0 0 1 328 39 0 0 0 326 70 0 0 1 111 11 0 0 0 19 3 0 0 3 1729 50 0 0 1 1452 65 0 0 1 747 33 0 0 0 120 5 0 0 87 6453 89 0 0 58 8270 139 0 0 27 5002 120 0 0 2 1289 56 0 0 411 16851 136 0 0 647 35077 341 0 0 297 27912 412 0 0 56 9022 199 0 0 2235 42366 147 0 0 4956 133304 799 0 0 3855 114243 1212 0 0 1017 40925 642 0 0 3202 23893 55 0 0 10995 102326 276 0 0 9670 100019 511 0 0 3113 38296 246 0 0 837 4484 18 0 0 3621 18190 22 0 0 3895 25610 32 0 0 1716 13986 35 0 1 195 1369 5 0 3 399 1900 1 0 2 527 3629 1 0 1 393 3424 2 0 0 0 0 458 0 0 0 0 400 0 0 0 0 101 0 0 0 0 20 0 0 0 3 841 0 0 0 1 381 0 0 0 0 183 0 0 0 0 25 0 0 0 16 1139 0 0 0 2 617 0 0 0 0 343 0 0 0 0 106 0 0 0 69 1793 0 0 0 17 1445 0 0 0 10 1203 0 0 0 3 564 0 0 0 247 3315 0 0 0 162 4638 0 0 0 117 5691 0 0 0 24 2812 0 0 0 221 2099 0 0 0 428 4683 0 0 0 488 7851 0 0 0 237 4447 0 0 0 99 790 0 0 0 292 1599 0 0 0 495 3777 0 0 0 304 2735 0 0 0 88 521 0 0 2 125 554 0 0 1 201 1045 0 0 0 156 1073 0 1 0 0 0 0 1 0 0 0 1 1 0 0 0 0 0 0 0 0 69 18 0 0 0 80 14 0 0 0 47 10 0 0 0 0 0 0 0 0 150 38 0 0 0 193 56 0 0 0 156 55 0 0 0 25 12 0 0 0 390 62 0 0 0 716 201 0 0 0 540 130 0 0 0 149 61 0 0 0 989 120 0 0 0 2988 491 0 0 0 2093 379 0 0 0 785 162 0 0 0 1224 60 0 0 0 4527 291 0 0 0 3432 248 0 0 0 1234 97 0 0 0 741 9 0 0 0 3079 31 0 0 0 2148 20 0 0 0 885 11 0 0 0 230 1 0 0 0 832 6 0 0 0 705 3 0 0 0 557 0 0 0 0 0 8 3 0 0 0 21 2 0 0 0 6 1 0 0 0 2 0 0 0 0 240 51 0 0 0 336 79 0 0 0 153 53 0 0 0 29 8 0 0 0 892 151 0 0 0 2130 436 0 0 0 1343 286 0 0 0 432 104 0 0 4 2363 263 0 0 3 8102 1155 0 0 0 5723 946 0 0 0 2034 350 0 0 19 7810 726 0 0 32 33287 3633 0 0 22 26143 3129 0 0 6 8996 1113 0 0 53 7538 262 0 0 168 35625 1461 0 0 125 29468 1281 0 0 39 10362 508 0 0 57 2412 35 0 0 257 10247 113 0 0 198 8932 100 0 0 77 3562 49 0 0 37 643 6 0 0 115 1366 9 0 0 80 949 12 0 0 42 491 6 0 0 0 0 63 2 0 0 0 154 6 0 0 0 281 2 0 0 0 37 0 0 0 4 609 55 0 0 0 1196 83 0 0 1 974 44 0 0 1 206 19 0 0 11 2807 114 0 0 9 8946 399 0 0 4 5792 262 0 0 1 1918 96 0 0 36 8886 179 0 0 95 41636 996 0 0 67 31959 940 0 0 16 11247 367 0 0 203 36225 387 0 0 810 196182 2910 0 0 625 161855 3105 0 0 223 55818 1297 0 0 427 29784 144 0 0 2271 183786 948 0 0 2010 150691 1124 0 0 739 46872 508 0 0 211 7652 36 0 0 1034 27889 62 0 0 1051 26812 79 0 0 462 11698 64 0 0 76 1538 4 0 2 172 2381 5 0 2 143 1809 8 0 0 67 1716 10 0 0 0 0 18 1 0 0 0 36 2 0 0 1 6 2 0 0 0 0 0 0 0 1 255 16 0 0 1 291 15 0 0 1 152 11 0 0 0 55 2 0 0 14 697 9 0 0 15 2094 32 0 0 10 1301 23 0 0 1 440 8 0 0 37 1678 12 0 0 143 7713 67 0 0 82 5908 66 0 0 33 2252 38 0 0 231 4342 18 0 0 1064 25952 134 0 0 855 25798 263 0 0 292 10906 149 0 0 426 4019 9 0 0 2061 20507 57 0 0 1955 23505 155 0 0 807 10670 100 0 0 238 2214 9 0 0 726 4070 7 0 0 913 5927 14 0 0 421 3384 8 0 0 82 567 3 0 0 121 607 2 0 1 131 695 0 0 0 73 647 0 0 0 0 0 3 0 0 0 0 8 0 0 0 0 16 0 0 0 0 0 0 0 0 1 174 0 0 0 0 113 0 0 0 0 56 0 0 0 0 1 0 0 0 0 352 0 0 0 0 155 0 0 0 0 94 0 0 0 0 26 0 0 0 9 364 0 0 0 2 301 0 0 0 1 286 0 0 0 0 107 0 0 0 42 544 0 0 0 26 860 0 0 0 17 1197 0 0 0 8 689 0 0 0 131 1038 0 0 0 62 752 0 0 0 64 1629 0 0 0 35 1124 0 0 0 114 690 0 0 0 46 300 0 0 0 75 829 0 0 0 47 541 0 0 0 41 203 0 0 0 36 169 0 0 0 61 295 0 0 0 22 160 0 0 0 0 0 0 0 0 0 0 0 0 0 0 0 0 0 0 0 0 2 1 0 0 0 3 3 0 0 0 0 1 0 0 0 0 0 0 0 0 13 5 0 0 0 29 13 0 0 0 15 5 0 0 0 0 0 0 0 0 46 7 0 0 0 110 25 0 0 0 67 14 0 0 0 10 7 0 0 0 86 11 0 0 0 509 81 0 0 0 390 63 0 0 0 136 29 0 0 0 126 6 0 0 0 815 49 0 0 0 607 57 0 0 0 207 14 0 0 0 132 0 0 0 0 599 5 0 0 0 456 6 0 0 0 191 4 0 0 0 186 2 0 0 0 489 2 0 0 0 490 0 0 0 0 224 1 0 0 0 0 0 0 0 0 0 0 0 0 0 0 0 0 0 0 0 0 0 0 0 0 4 0 0 0 0 39 4 0 0 0 27 4 0 0 0 2 1 0 0 0 62 12 0 0 0 186 42 0 0 0 121 23 0 0 0 23 9 0 0 1 142 16 0 0 1 854 119 0 0 0 599 100 0 0 0 208 30 0 0 0 617 66 0 0 1 3383 333 0 0 2 3149 396 0 0 0 1071 128 0 0 8 792 19 0 0 16 4111 184 0 0 14 4258 225 0 0 2 1552 88 0 0 9 391 7 0 0 39 1454 13 0 0 24 1208 20 0 0 8 645 11 0 0 16 153 2 0 0 37 289 1 0 0 42 220 2 0 0 19 124 0 0 0 0 0 0 0 0 0 0 0 0 0 0 0 0 0 0 0 0 0 0 0 0 0 12 1 0 0 0 185 8 0 0 0 53 3 0 0 0 18 0 0 0 1 204 7 0 0 1 635 32 0 0 0 590 36 0 0 1 152 10 0 0 5 812 13 0 0 4 3494 94 0 0 7 3333 95 0 0 3 1275 43 0 0 35 5852 55 0 0 76 19124 253 0 0 60 20765 398 0 0 26 7645 172 0 0 69 3837 26 0 0 242 19100 106 0 0 234 24642 232 0 0 84 7709 98 0 0 34 1421 2 0 0 133 3756 11 0 0 142 4906 16 0 0 94 2524 8 0 2 29 258 0 0 0 37 476 3 0 1 71 420 1 0 1 24 309 0 0 0 0 0 0 0 0 0 0 0 0 0 0 0 0 0 0 0 0 0 0 0 0 0 11 4 0 0 0 38 2 0 0 0 15 2 0 0 0 2 0 0 0 1 59 1 0 0 1 143 2 0 0 2 158 3 0 0 0 65 0 0 0 16 242 1 0 0 14 724 10 0 0 14 643 14 0 0 3 280 6 0 0 143 2232 1 0 0 96 2375 26 0 0 88 3109 42 0 0 36 1518 23 0 0 108 1106 3 0 0 223 2148 13 0 0 251 3482 31 0 0 86 1816 28 0 0 43 354 1 0 0 81 556 1 0 0 142 1040 3 0 0 70 575 1 0 0 29 103 0 0 1 41 177 0 0 1 98 240 2 0 2 28 133 0 0 0 0 0 0 0 0 0 0 0 0 0 0 0 0 0 0 0 0 0 0 0 0 0 28 0 0 0 0 2 0 0 0 0 27 0 0 0 0 0 0 0 0 4 99 0 0 0 0 22 0 0 0 0 16 0 0 0 0 3 0 0 0 7 326 0 0 0 0 38 0 0 0 1 45 0 0 0 0 19 0 0 0 135 981 0 0 0 4 138 0 0 0 3 219 0 0 0 0 70 0 0 0 61 289 0 0 0 6 156 0 0 0 10 395 0 0 0 4 163 0 0 0 22 103 0 0 0 7 112 0 0 0 25 301 0 0 0 9 104 0 0 1 12 132 0 0 0 29 190 0 0 0 67 483 0 0 0 20 109 12479 1159 6 0 0 2 1 30407 2590 13 3 2 0 1 27729 2579 7 3 2 1 2 16479 1238 0 1 0 0 0 933 124214 10074 8 2 1 1 2506 469331 30470 6 4 0 1 2704 517370 31098 4 0 1 0 1402 238200 12863 0 1 0 0 2 8275 1149997 45189 3 0 1 13 28946 2828573 77021 6 3 2 17 32558 2749087 55462 3 1 2 7 14701 1044258 17850 0 0 0 1 0 36894 2374450 44857 5 1 1 9 73889 3357290 82907 9 4 7 16 61584 2340767 52913 7 3 4 3 23121 707168 13842 0 1 0 0 1 35876 1011026 9320 6 0 1 9 80819 2671655 33203 9 0 3 27 59119 1976970 24347 6 3 2 7 18843 596469 7412 2 0 0 0 3 6699 125581 1126 0 0 1 7 31484 615116 4700 0 1 1 14 26660 521845 4400 2 3 2 6 9493 189285 1497 0 0 0 0 2 821 21137 0 0 1 3 8 4271 64267 1 0 0 6 24 4751 75169 1 1 0 5 14 1919 28613 0 0 0 0 0 0 0 0 0 0 0 0 0 0 0 0 0 0 0 0 0 0 0 0 0 0 0 0 2 0 0 0 0 0 0 0 0 0 0 0 0 0 0 0 0 0 0 0 0 0 0 0 0 0 0 0 11 4 0 0 0 0 0 2 0 0 0 0 0 0 0 0 0 0 0 0 0 0 0 0 0 0 0 0 10 3 0 0 0 0 0 8 1 0 0 0 0 0 0 0 0 0 0 0 0 0 0 0 0 0 0 0 43 4 0 0 0 0 0 26 3 0 0 0 0 0 2 0 0 0 0 0 0 7 0 0 0 0 0 0 55 6 0 0 0 0 0 69 1 0 0 0 0 0 34 3 0 0 0 0 0 124 6 0 0 0 0 0 35 3 0 0 0 0 0 18 2 0 0 0 0 0 27 3 0 0 0 0 0 185 9 0 0 0 0 0 18 3 0 0 0 0 0 35 5 0 0 0 0 0 65 9 0 0 0 0 0 44 5 0 0 0 0 0 0 0 0 0 0 0 0 0 0 0 0 0 0 0 0 0 0 0 0 0 0 0 0 0 0 0 0 0 0 0 0 0 0 0 0 0 13 1 0 0 0 0 0 0 0 0 0 0 0 0 0 0 0 0 0 0 2 17 8 0 0 0 0 0 7 2 0 0 0 0 0 1 0 0 0 0 0 0 0 0 0 0 0 0 2 33 1 0 0 0 0 0 13 4 0 0 0 0 0 0 0 0 0 0 0 0 3 0 0 0 0 0 3 61 10 0 0 0 0 2 48 9 0 0 0 0 1 43 3 0 0 0 0 1 28 2 0 0 0 0 3 190 12 0 0 0 0 4 131 12 0 0 0 0 3 115 8 0 0 0 0 10 173 9 0 0 0 0 1 121 12 0 0 0 0 3 131 11 0 0 0 0 0 104 10 0 0 0 0 3 193 12 0 0 0 0 5 160 17 0 0 0 0 4 132 17 0 0 0 0 4 145 18 0 0 0 0 6 139 11 0 0 0 0 0 0 0 0 0 0 0 0 0 0 0 0 0 0 0 0 0 0 0 0 0 0 0 0 0 0 0 0 0 0 5 3 0 0 0 0 0 4 1 0 0 0 0 0 0 0 0 0 0 0 0 0 0 0 0 0 0 2 29 1 0 0 0 0 2 13 1 0 0 0 0 0 0 0 0 0 0 0 0 6 0 0 0 0 0 5 60 7 0 0 0 0 2 21 3 0 0 0 0 1 1 0 0 0 0 0 1 2 0 0 0 0 0 9 102 16 0 0 0 0 3 102 16 0 0 0 0 1 50 8 0 0 0 0 1 31 2 0 0 0 0 11 254 15 0 0 0 0 14 363 25 0 0 0 0 8 268 32 0 0 0 0 9 163 15 0 0 0 0 9 439 34 0 0 0 0 15 445 31 0 0 0 0 6 330 26 0 0 0 0 7 138 12 0 0 0 0 15 619 47 0 0 0 0 22 534 49 0 0 0 0 11 425 46 0 0 0 0 13 218 22 0 0 0 0 0 0 0 0 0 0 0 0 0 0 0 0 0 0 0 0 0 0 0 0 0 0 0 0 0 0 0 0 0 1 66 2 0 0 0 0 1 37 0 0 0 0 0 0 31 0 0 0 0 0 0 17 0 0 0 0 0 0 39 3 0 0 0 0 2 22 3 0 0 0 0 0 2 0 0 0 0 0 1 1 0 0 0 0 0 10 94 6 0 0 0 0 2 42 4 0 0 0 0 0 21 0 0 0 0 0 0 4 0 0 0 0 0 15 285 12 0 0 0 0 11 851 20 0 0 0 0 7 568 4 0 0 0 0 1 175 0 0 0 0 0 11 926 19 0 0 0 0 29 4261 20 0 0 0 0 10 4037 15 0 0 0 0 8 1980 6 0 0 0 0 19 2074 21 0 0 0 0 39 9409 25 0 0 0 0 28 9942 19 0 0 0 0 12 5368 5 0 0 0 0 30 4927 31 0 0 0 0 42 13525 36 0 0 0 0 34 12776 32 0 0 0 0 16 8320 10 0 0 0 0 0 0 0 0 0 0 0 0 0 0 0 0 0 0 0 0 0 0 0 0 0 0 0 0 0 0 0 0 0 0 3 0 0 0 0 0 2 4 0 0 0 0 0 0 0 0 0 0 0 0 0 0 0 0 0 0 0 3 23 1 0 0 0 0 2 11 0 0 0 0 0 0 0 0 0 0 0 0 0 0 0 0 0 0 0 4 38 4 0 0 0 0 5 46 4 0 0 0 0 0 2 1 0 0 0 0 1 0 0 0 0 0 0 9 86 10 0 0 0 0 17 122 5 0 0 0 0 5 47 5 0 0 0 0 1 8 0 0 0 0 0 9 305 16 0 0 0 0 22 301 14 0 0 0 0 19 211 7 0 0 0 0 8 75 1 0 0 0 0 29 301 11 0 0 0 0 40 359 13 0 0 0 0 17 186 6 0 0 0 0 3 70 1 0 0 0 0 35 538 17 0 0 0 0 38 471 18 0 0 0 0 32 233 16 0 0 0 0 11 81 5 0 0 0 0 0 0 0 0 0 0 0 0 0 0 0 0 0 0 0 0 0 0 0 0 0 0 0 0 0 0 0 0 0 0 0 0 0 0 0 0 1 0 0 0 0 0 0 0 0 0 0 0 0 0 0 0 0 0 0 0 0 2 6 0 0 0 0 0 0 3 0 0 0 0 0 0 0 0 0 0 0 0 0 0 0 0 0 0 0 4 26 1 0 0 0 0 5 21 1 0 0 0 0 1 5 0 0 0 0 0 0 0 0 0 0 0 0 6 55 6 0 0 0 0 7 46 2 0 0 0 0 2 12 1 0 0 0 0 1 9 0 0 0 0 0 15 131 4 0 0 0 0 8 103 2 0 0 0 0 3 50 1 0 0 0 0 2 22 0 0 0 0 0 10 131 4 0 0 0 0 10 131 2 0 0 0 0 7 86 0 0 0 0 0 0 15 0 0 0 0 0 21 193 3 0 0 0 0 13 145 5 0 0 0 0 8 96 3 0 0 0 0 6 39 0 0 0 0 0 0 0 0 0 0 0 0 0 0 0 0 0 0 0 0 0 0 0 0 0 0 0 0 0 0 0 0 0 0 0 0 0 0 0 0 0 0 0 0 0 0 0 0 0 0 0 0 0 0 0 0 0 0 0 0 0 0 0 0 0 0 0 0 0 1 6 0 0 0 0 0 0 0 0 0 0 0 0 0 0 0 0 0 0 0 2 8 0 0 0 0 0 3 16 0 0 0 0 0 0 0 0 0 0 0 0 0 0 0 0 0 0 0 2 22 0 0 0 0 0 4 36 0 0 0 0 0 0 2 0 0 0 0 0 0 0 0 0 0 0 0 4 53 0 0 0 0 0 2 12 0 0 0 0 0 0 15 0 0 0 0 0 1 1 0 0 0 0 0 6 69 0 0 0 0 0 2 25 0 0 0 0 0 1 9 0 0 0 0 0 0 0 0 0 0 0 0 4 57 0 0 0 0 0 3 57 0 0 0 0 0 5 27 0 0 0 0 0 1 2 0 0 0 0 0 0 0 0 0 0 0 0 0 0 0 0 0 0 0 0 0 0 0 0 0 0 0 0 31 3 0 0 0 0 0 22 4 0 0 0 0 0 12 1 0 0 0 0 0 2 1 0 0 0 0 0 67 8 0 0 0 0 0 33 7 0 0 0 0 0 15 0 0 0 0 0 0 2 1 0 0 0 0 0 164 19 0 0 0 0 0 75 12 0 0 0 0 0 23 8 0 0 0 0 0 8 0 0 0 0 0 0 1022 50 0 0 0 0 0 344 26 0 0 0 0 0 146 16 0 0 0 0 0 19 2 0 0 0 0 0 1070 57 0 0 0 0 0 705 41 0 0 0 0 0 360 15 0 0 0 0 0 81 1 0 0 0 0 0 234 18 0 0 0 0 0 222 11 0 0 0 0 0 94 8 0 0 0 0 0 13 1 0 0 0 0 0 74 10 0 0 0 0 0 64 3 0 0 0 0 0 32 2 0 0 0 0 0 1 1 0 0 0 0 0 0 2 0 0 0 0 0 0 0 0 0 0 0 0 0 1 0 0 0 0 0 0 3 1 0 0 0 0 2 45 9 0 0 0 0 3 42 8 0 0 0 0 1 16 4 0 0 0 0 0 4 2 0 0 0 0 4 105 19 0 0 0 0 2 56 9 0 0 0 0 2 20 4 0 0 0 0 0 0 0 0 0 0 0 11 292 46 0 0 0 0 8 157 19 0 0 0 0 3 103 11 0 0 0 0 0 13 0 0 0 0 0 80 2091 164 0 0 0 0 35 1286 113 0 0 0 0 17 552 43 0 0 0 0 2 136 21 0 0 0 0 64 3221 229 0 0 0 0 43 2455 195 0 0 0 0 19 920 99 0 0 0 0 3 198 10 0 0 0 0 22 1344 113 0 0 0 0 17 1105 123 0 0 0 0 7 384 42 1 0 0 0 0 120 11 0 0 0 0 2 283 29 0 0 0 0 5 190 29 0 0 0 0 2 125 16 0 0 0 0 0 23 6 0 0 0 0 0 0 0 0 0 0 0 0 0 8 1 0 0 0 0 1 8 2 0 0 0 0 0 3 2 0 0 0 0 6 115 12 0 0 0 0 8 106 20 0 0 0 0 2 48 9 0 0 0 0 0 6 2 0 0 0 0 16 139 19 0 0 0 0 7 149 15 0 0 0 0 1 51 7 0 0 0 0 0 8 1 0 0 0 0 35 558 44 0 0 0 0 15 511 47 0 0 0 0 8 132 8 0 0 0 0 0 20 4 0 0 0 0 165 3206 216 0 0 0 0 97 3530 266 0 0 0 0 40 1778 121 0 0 0 0 12 380 37 0 0 0 0 246 5684 315 0 0 0 0 187 8652 575 0 0 0 0 70 4598 398 0 0 0 0 13 968 96 0 0 0 0 102 3674 196 0 0 0 0 77 5858 493 0 0 0 0 33 3112 327 0 0 0 0 11 962 101 0 0 0 0 22 1809 122 0 0 0 0 17 2016 184 0 0 0 0 10 917 129 0 0 0 0 2 425 56 0 0 0 0 0 0 172 1 0 0 0 0 2 460 0 0 0 0 0 0 406 0 0 0 0 0 1 112 2 0 0 0 0 12 432 6 0 0 0 0 15 789 14 0 0 0 0 5 783 6 0 0 0 0 0 165 2 0 0 0 0 21 215 19 0 0 0 0 14 485 16 0 0 0 0 7 176 7 0 0 0 0 2 40 0 0 0 0 0 48 1353 50 0 0 0 0 44 2475 54 0 0 0 0 10 1085 10 0 0 0 0 5 364 6 0 0 0 0 209 8732 199 0 0 0 0 235 31397 215 0 0 0 0 128 23785 101 0 0 0 0 25 6795 17 0 0 0 0 304 25023 253 0 0 0 0 496 127291 436 0 0 0 0 283 125756 208 0 0 0 0 76 43470 53 0 0 0 0 180 28060 169 0 0 0 0 348 180866 335 0 0 0 0 214 229440 190 0 0 0 0 62 98937 55 0 0 0 0 94 17351 88 0 0 0 0 118 96448 103 0 0 0 0 79 141283 53 0 0 0 0 47 96433 25 0 0 0 0 0 0 4 0 0 0 0 0 3 5 0 0 0 0 0 1 6 0 0 0 0 0 1 6 2 0 0 0 0 15 88 3 0 0 0 0 17 77 7 0 0 0 0 11 56 3 0 0 0 0 1 14 2 0 0 0 0 23 174 21 0 0 0 0 13 130 14 0 0 0 0 4 32 1 0 0 0 0 3 18 0 0 0 0 0 61 492 28 0 0 0 0 37 463 19 0 0 0 0 16 119 4 0 0 0 0 3 34 1 0 0 0 0 231 2774 135 0 0 0 0 223 3414 105 0 0 0 0 138 1573 34 0 0 0 0 29 253 14 0 0 0 0 326 4728 174 0 0 0 0 580 7621 185 0 0 0 0 345 3948 71 0 0 0 0 111 1149 20 0 0 0 0 221 3065 75 0 0 0 0 477 5138 77 0 0 0 0 343 3203 36 0 0 0 0 97 838 15 0 0 0 0 80 1426 30 0 0 0 0 173 1577 23 0 0 0 0 125 904 10 0 0 0 0 52 292 0 0 0 0 0 0 0 1 0 0 0 0 0 0 2 0 0 0 0 0 0 0 0 0 0 0 0 2 4 2 0 0 0 0 7 46 3 0 0 0 0 10 56 1 0 0 0 0 5 37 2 0 0 0 0 0 4 0 0 0 0 0 15 121 6 0 0 0 0 11 75 4 0 0 0 0 2 8 0 0 0 0 0 2 2 0 0 0 0 0 44 353 15 0 0 0 0 17 173 7 0 0 0 0 5 30 1 0 0 0 0 1 11 0 0 0 0 0 176 1939 67 0 0 0 0 132 1531 29 0 0 0 0 42 550 12 0 0 0 0 14 162 2 0 0 0 0 200 2463 47 0 0 0 0 210 2431 30 0 0 0 0 80 871 12 0 0 0 0 24 270 3 0 0 0 0 82 952 9 0 0 0 0 116 1062 19 0 0 0 0 46 378 5 0 0 0 0 7 89 1 0 0 0 0 32 307 10 0 0 0 0 32 299 7 0 0 0 0 18 95 5 0 0 0 0 3 8 0 0 0 0 0 0 0 0 0 0 0 0 0 0 0 0 0 0 0 0 0 0 0 0 0 0 0 1 21 0 0 0 0 0 1 8 0 0 0 0 0 4 7 0 0 0 0 0 3 4 0 0 0 0 0 0 0 0 0 0 0 0 4 47 0 0 0 0 0 4 14 0 0 0 0 0 2 6 0 0 0 0 0 1 6 0 0 0 0 0 20 149 0 0 0 0 0 5 39 0 0 0 0 0 0 7 0 0 0 0 0 0 0 0 0 0 0 0 52 683 0 0 0 0 0 28 356 0 0 0 0 0 13 87 0 0 0 0 0 3 13 0 0 0 0 0 35 565 0 0 0 0 0 40 442 0 0 0 0 0 14 127 0 0 0 0 0 2 37 0 0 0 0 0 15 234 0 0 0 0 0 16 237 0 0 0 0 0 2 112 0 0 0 0 0 0 4 0 0 0 0 0 4 66 0 0 0 0 0 9 80 0 0 0 0 0 3 11 0 0 0 0 0 1 4 69 15 0 0 0 0 0 47 6 0 0 0 0 0 60 11 0 0 0 0 0 33 3 0 0 0 0 0 173 25 0 0 0 0 0 51 8 0 0 0 0 0 42 7 0 0 0 0 0 9 1 0 0 0 0 0 375 47 0 0 0 0 0 167 19 0 0 0 0 0 74 9 0 0 0 0 0 20 1 0 0 0 0 0 1869 200 0 0 0 0 0 1031 106 0 0 0 0 0 491 51 0 0 0 0 0 92 16 0 0 0 0 0 9410 811 0 0 0 0 0 4902 554 0 0 0 0 0 1869 225 0 0 0 0 0 297 43 0 0 0 0 0 7128 599 0 0 0 0 0 4534 425 1 0 0 0 0 1529 180 0 0 0 0 0 222 27 0 0 0 0 0 818 69 0 0 0 0 0 713 71 0 0 0 0 0 135 20 0 0 0 0 0 24 1 0 0 0 0 0 144 19 0 0 0 0 0 178 14 0 0 0 0 0 26 5 0 0 0 0 0 4 1 0 0 0 0 0 14 161 36 0 0 0 0 11 84 19 0 0 0 0 20 98 25 0 0 0 0 3 18 5 0 0 0 0 21 336 63 0 0 0 0 7 153 32 0 0 0 0 4 83 11 0 0 0 0 2 6 2 0 0 0 0 43 1001 142 0 0 0 0 24 484 58 0 0 0 0 8 165 13 0 0 0 0 1 39 3 0 0 0 0 148 4959 523 0 0 0 0 80 2215 187 0 0 0 0 44 1217 99 0 0 0 0 10 263 16 0 0 0 0 700 33026 2621 0 0 0 0 377 22440 1520 0 0 0 0 165 10220 726 0 0 0 0 36 1693 136 0 0 0 0 521 29206 2037 0 0 0 0 368 27637 2088 0 0 0 0 151 12232 960 0 0 0 0 23 1951 178 0 0 0 0 70 4599 361 0 0 0 0 57 5434 504 0 0 0 0 23 2131 247 0 0 0 0 3 465 46 0 0 0 0 13 476 69 0 0 0 0 12 446 73 0 0 0 0 3 232 38 0 0 0 0 0 69 14 0 0 0 0 0 26 291 45 0 0 0 0 21 215 41 0 0 0 0 23 198 37 0 0 0 0 5 48 8 0 0 0 0 43 712 75 0 0 0 0 31 274 39 0 0 0 0 13 108 17 0 0 0 0 2 23 5 0 0 0 0 118 2374 243 0 0 0 0 61 966 115 0 0 0 0 22 286 36 0 0 0 0 6 59 8 0 0 0 0 392 8599 753 0 0 0 0 168 5125 459 0 0 0 0 53 2018 156 0 0 0 0 9 272 31 0 0 0 0 1959 51524 3184 0 0 0 0 1025 40805 2558 0 0 0 0 423 18369 1282 0 0 0 0 59 3348 260 0 0 0 0 1845 60259 3297 0 0 0 0 1444 74606 4599 0 0 0 0 582 37137 2571 0 0 0 0 124 6901 638 0 0 0 0 402 18383 1079 0 0 0 0 360 28940 2212 0 0 0 0 167 16280 1498 0 0 0 0 55 3787 456 0 0 0 0 55 2869 211 0 0 0 0 44 3939 432 0 0 0 0 24 2539 320 0 0 0 0 6 1158 165 0 0 0 0 0 37 1767 37 0 0 0 0 27 2534 33 0 0 0 0 38 3305 27 0 0 0 0 10 527 5 0 0 0 0 63 1576 63 0 0 0 0 36 580 50 0 0 0 0 24 295 18 0 0 0 0 1 71 1 0 0 0 0 237 7334 241 0 0 0 0 93 4618 110 0 0 0 0 34 1168 43 0 0 0 0 9 205 6 0 0 0 0 668 27353 661 0 0 0 0 384 35692 397 0 0 0 0 131 17114 126 0 0 0 0 21 3891 28 0 0 0 0 2710 157140 2417 0 0 0 0 2155 324893 2057 0 0 0 0 903 231556 844 0 0 0 0 171 59684 164 0 0 0 0 2979 288309 2686 0 0 0 0 3521 988982 3284 0 0 0 0 1639 908494 1541 0 0 0 0 318 272290 316 0 0 0 0 1115 164016 1006 0 0 0 0 1614 854760 1506 0 0 0 0 879 1079588 871 0 0 0 0 219 444986 225 1 0 0 0 225 35741 169 0 0 0 0 300 204822 284 0 0 0 0 195 360521 214 0 0 0 0 84 250614 71 0 0 0 0 0 68 394 22 0 0 0 0 42 174 15 0 0 0 0 46 217 16 0 0 0 0 14 46 0 0 0 0 0 98 789 34 0 0 0 0 36 271 16 0 0 0 0 23 137 8 0 0 0 0 5 14 1 0 0 0 0 272 2502 139 0 0 0 0 103 993 64 0 0 0 0 33 260 19 0 0 0 0 5 56 1 0 0 0 0 765 8383 413 0 0 0 0 453 5627 216 0 0 0 0 177 2151 68 0 0 0 0 33 347 11 0 0 0 0 3136 46419 1854 0 0 0 1 2798 43960 1139 0 0 0 0 1342 18912 379 0 0 0 0 292 3686 81 0 0 0 0 3263 51429 1538 0 0 0 0 4976 75908 1448 1 0 0 0 2693 35694 536 0 0 0 0 658 6577 124 0 0 0 0 1025 14669 302 0 0 0 0 2247 25858 323 0 0 0 0 1512 15406 190 0 0 0 0 395 3756 38 0 0 0 0 198 2268 48 0 0 0 0 399 3346 58 0 0 0 0 349 2667 17 0 0 0 0 137 904 1 0 0 0 0 0 36 146 4 0 0 0 0 19 59 7 0 0 0 0 31 60 4 0 0 0 0 5 13 0 0 0 0 0 79 325 19 0 0 0 0 32 145 4 0 0 0 0 17 78 2 0 0 0 0 5 15 1 0 0 0 0 166 1153 33 0 0 0 1 57 501 22 0 0 0 0 22 248 13 0 0 0 0 3 19 0 0 0 0 0 549 5606 165 0 0 0 0 265 3054 74 0 0 0 0 109 1472 30 0 0 0 0 21 231 2 0 0 0 0 2614 33264 755 0 0 0 0 1859 26124 422 0 0 0 0 727 9941 150 0 0 0 0 148 1964 24 0 0 0 0 1829 25314 458 0 0 0 0 2374 29370 378 0 0 0 0 963 10719 120 0 0 0 0 167 2009 23 0 0 0 0 293 3605 50 0 0 0 0 492 5113 51 0 0 0 0 272 2234 20 0 0 0 0 54 507 4 0 0 0 0 40 373 6 0 0 0 0 81 505 16 0 0 0 0 51 227 8 0 0 0 0 20 53 0 0 0 0 0 0 9 58 0 0 0 0 0 5 38 0 0 0 0 0 12 56 0 0 0 0 0 3 5 0 0 0 0 0 26 121 0 0 0 0 0 15 43 0 0 0 0 0 5 16 0 0 0 0 0 0 6 0 0 0 0 0 50 370 0 0 0 0 0 18 159 0 0 0 0 0 7 65 0 0 0 0 0 1 5 0 0 0 0 0 210 2155 0 0 0 0 0 118 1078 0 0 0 0 0 62 417 0 0 0 0 0 7 45 0 0 0 0 0 888 9060 0 0 0 0 0 618 5212 0 0 0 0 0 205 1385 0 0 0 0 0 29 222 0 0 0 0 0 569 5473 0 0 0 0 0 441 4468 0 0 0 0 0 149 1181 0 0 0 0 0 27 244 0 0 0 0 0 64 708 0 0 0 0 0 74 698 0 0 0 0 0 27 400 0 0 0 0 0 14 40 0 0 0 0 0 10 86 0 0 0 0 0 15 111 0 0 0 0 0 10 61 0 0 0 0 0 2 4 5453 703 0 0 0 0 0 466 53 1 0 0 0 0 384 71 0 0 0 0 0 64 11 0 0 0 0 0 1594 206 0 0 0 0 0 443 40 0 0 0 0 0 159 13 0 0 0 0 0 15 5 0 0 0 0 0 4764 333 1 0 0 0 0 3900 242 0 0 0 0 0 1726 115 0 0 0 0 0 316 16 0 0 0 0 0 19662 1332 0 0 0 0 0 21202 1354 0 0 0 0 0 12663 898 0 0 0 0 0 2605 218 0 0 0 0 0 89455 4503 0 0 0 0 0 107252 6421 0 0 0 0 0 49259 3856 0 0 0 0 0 8309 890 0 0 0 0 0 42333 2335 0 0 0 0 0 58514 3873 0 0 0 0 0 26638 2051 0 0 0 0 0 5590 420 0 0 0 0 0 1803 153 0 0 0 0 0 2906 267 0 0 0 0 0 1150 153 0 0 0 0 0 537 43 0 0 0 0 0 277 22 0 0 0 0 0 197 25 0 0 0 0 0 80 17 0 0 0 0 0 1 0 0 0 0 0 0 525 6956 1308 2 0 0 0 41 256 54 0 0 0 0 64 319 78 0 0 0 0 11 47 11 0 0 0 0 186 2887 357 0 0 0 0 44 512 71 0 0 0 0 12 208 22 0 0 0 0 2 37 7 0 0 0 0 396 6478 711 1 0 0 0 197 2989 391 0 0 0 0 99 1755 207 0 0 0 0 12 310 28 0 0 0 0 1294 24757 2612 0 0 0 0 1088 20516 2116 0 0 0 0 563 14807 1202 0 0 0 0 133 2853 219 0 0 0 0 4393 118108 6341 1 0 0 0 4903 176866 7143 0 0 0 0 2674 116859 4951 0 0 0 0 606 25720 1250 0 0 0 0 2215 86695 3781 0 0 0 0 2997 177517 7661 0 0 0 0 1648 113185 5341 0 0 0 0 355 25967 1490 0 0 0 0 138 8230 462 1 0 0 0 241 22361 1163 0 0 0 0 129 14440 979 0 0 0 0 51 4272 309 0 0 0 0 18 385 49 0 0 0 0 15 671 78 0 0 0 0 9 538 67 0 0 0 0 1 168 10 0 0 0 0 4 959 15496 2061 4 0 0 0 52 416 66 0 0 0 0 64 337 70 0 0 0 0 9 56 12 0 0 0 0 340 4921 533 0 0 0 0 78 735 92 0 0 0 0 30 228 47 0 0 0 0 5 33 10 0 0 0 0 956 8153 1014 0 0 0 0 429 3071 635 0 0 0 0 264 1553 317 0 0 0 0 35 330 50 0 0 0 0 2399 20862 2762 0 0 0 0 1879 14244 2284 0 0 0 0 936 9083 1217 0 0 0 0 201 1995 267 0 0 0 0 6267 84754 6316 0 0 0 0 5806 99140 5796 0 0 0 0 3118 65069 3637 1 0 0 0 637 15718 1030 0 0 0 0 4250 84267 5147 1 0 0 0 6009 162563 5964 0 0 0 0 3536 114994 4510 0 0 0 0 812 29626 1365 0 0 0 0 525 17743 1014 0 0 0 0 1092 45810 1772 0 0 0 0 806 37890 1793 0 0 0 0 231 12766 733 0 0 0 0 52 1809 133 0 0 0 0 60 3574 217 0 0 0 0 59 3570 249 0 0 0 0 17 2448 223 0 0 0 0 2 1647 53335 1690 1 0 0 0 64 1493 65 0 0 0 0 60 1187 62 0 0 0 0 9 192 11 0 0 0 0 482 17534 476 0 0 0 0 114 1774 96 0 0 0 0 48 460 56 0 0 0 0 5 37 5 0 0 0 0 1179 27810 1124 0 0 0 0 603 8865 688 0 0 0 0 352 2552 332 0 0 0 0 69 653 70 0 0 0 1 2802 60354 2764 0 0 0 0 2153 41148 2262 0 0 0 0 1076 20845 1082 0 0 0 0 252 6216 246 0 0 0 0 6285 241133 6546 0 0 0 0 5519 265797 5963 0 0 0 0 2929 178330 3159 0 0 0 0 747 53851 753 0 0 0 0 5748 310643 6565 0 0 0 0 5995 562950 6793 0 0 0 0 3409 457455 3449 0 0 0 0 814 146318 835 0 0 0 0 1548 110989 1864 0 0 0 0 2513 336625 2933 0 0 0 0 1620 371354 1675 0 0 0 0 422 164314 464 0 0 0 0 213 15870 233 0 0 0 0 306 60135 375 0 0 0 0 280 100487 299 0 0 0 0 133 75105 117 0 0 0 0 1 2008 15597 1062 1 0 0 0 63 403 64 1 0 0 0 67 345 70 0 0 0 0 6 48 12 0 0 0 1 553 4859 375 1 0 0 0 115 707 74 0 0 0 0 55 271 39 0 0 0 0 4 25 7 0 0 0 0 1148 8424 844 0 0 0 0 593 3468 471 0 0 0 0 343 1633 236 0 0 0 0 69 316 45 0 0 0 0 2785 22089 2468 0 0 0 0 2417 17738 2072 0 0 0 0 1248 9922 1006 0 0 0 0 305 2342 214 0 0 0 0 6696 92464 7305 0 0 0 0 6617 129422 7368 0 0 0 0 3967 75271 3849 0 0 0 0 1114 16746 749 0 0 0 0 4955 88314 5041 0 0 0 0 6868 191227 7152 0 0 0 0 4872 122964 3688 0 0 0 0 1473 27974 744 0 0 0 0 954 17187 651 0 0 0 0 2020 46400 1179 0 0 0 0 1908 36893 633 0 0 0 0 762 10946 175 0 0 0 0 124 1915 64 0 0 0 0 242 3262 62 0 0 0 0 279 2965 39 0 0 0 0 166 1544 8 0 0 0 0 0 1430 7603 537 0 0 0 0 64 312 54 0 0 0 0 68 345 75 0 0 0 0 7 40 10 0 0 0 4 400 2763 173 0 0 0 2 73 525 35 0 0 0 0 37 199 13 0 0 0 0 1 20 2 0 0 0 1 866 6818 442 0 0 0 0 395 3419 227 0 0 0 0 231 2240 136 0 0 0 0 44 387 17 0 0 0 0 2740 28771 1701 0 0 0 0 2283 31690 1564 0 0 0 0 1277 23009 913 0 0 0 0 309 3667 134 0 0 0 0 7514 163208 5724 0 0 0 0 9687 247529 5999 0 0 0 0 5932 137620 3105 0 0 0 0 1426 25864 599 0 0 0 0 4098 96899 2690 0 0 0 0 9101 200305 3442 0 0 0 0 5727 102355 1522 0 0 0 0 1383 19990 259 0 0 0 0 432 8792 200 0 0 0 0 1173 21368 316 0 0 0 0 863 12308 157 0 0 0 0 253 3322 34 0 0 0 0 51 485 13 0 0 0 0 81 568 12 0 0 0 0 45 325 14 0 0 0 0 10 119 1 0 0 0 0 2 751 6123 0 0 0 0 0 48 432 0 0 0 0 0 65 464 0 0 0 0 0 8 51 0 0 0 0 0 201 1556 0 0 0 0 0 47 517 0 0 0 0 0 10 150 0 0 0 0 0 1 15 0 0 0 0 0 403 5186 0 0 0 0 0 231 3977 0 0 0 0 0 192 2280 0 0 0 0 0 16 326 0 0 0 0 0 1821 29539 0 0 0 0 0 1941 29627 0 0 0 0 0 1297 17329 0 0 0 0 0 225 2753 0 0 0 0 0 6197 111620 0 0 0 0 0 8137 116726 0 0 0 0 0 4182 48506 0 0 0 0 0 875 9103 0 0 0 0 0 2766 48212 0 0 0 0 0 4223 61003 0 0 0 0 0 1859 21061 0 0 0 0 0 326 2979 0 0 0 0 0 187 2617 0 0 0 0 0 323 3406 0 0 0 0 0 158 1259 0 0 0 0 0 35 294 0 0 0 0 0 30 278 0 0 0 0 0 19 203 0 0 0 0 0 15 144 0 0 0 0 0 4 14 86 16 0 0 0 0 0 53 4 0 0 0 0 0 35 12 0 0 0 0 0 5 2 0 0 0 0 0 1016 101 0 0 0 0 0 1097 85 0 0 0 0 0 627 29 0 0 0 0 0 69 1 0 0 0 0 0 6360 408 0 0 0 0 0 10639 494 0 0 0 0 0 5456 224 0 0 0 0 0 1078 39 0 0 0 0 0 20528 948 0 0 0 0 0 48591 2020 0 0 0 0 0 32380 1511 0 0 0 0 0 7128 390 0 0 0 0 0 96573 2427 0 0 0 0 0 234699 7647 0 0 0 0 0 144905 6485 0 0 0 0 0 33036 2077 0 0 0 0 0 50995 1232 0 0 0 0 0 145512 4497 0 0 0 0 0 81451 3196 0 0 0 0 0 15417 839 0 0 0 0 0 2837 76 0 0 0 0 0 8561 395 0 0 0 0 0 5438 300 0 0 0 0 0 988 85 0 0 0 0 0 70 6 0 0 0 0 0 291 17 0 0 0 0 0 194 16 0 0 0 0 0 17 1 0 0 0 0 0 8 168 47 0 0 0 0 10 77 20 0 0 0 0 11 76 23 0 0 0 0 1 10 2 0 0 0 0 79 1420 129 0 0 0 0 73 1332 131 0 0 0 0 39 526 55 0 0 0 0 1 35 5 0 0 0 0 405 5374 611 0 0 0 0 479 6723 814 0 0 0 0 250 2969 461 0 0 0 0 48 641 99 0 0 0 0 1198 13768 2159 0 0 0 0 2226 27363 4798 0 0 0 0 1341 21514 3328 0 0 0 0 378 6134 898 0 0 0 0 3383 56274 2367 0 0 0 0 8142 174438 6317 0 0 0 0 6123 152499 5353 0 0 0 0 1698 46974 2000 0 0 0 0 1923 46236 983 0 0 0 0 5721 185224 3947 0 0 0 0 3860 153494 3710 0 0 0 0 928 45815 1476 0 0 0 0 160 4559 111 0 0 0 0 548 25441 701 0 0 0 0 413 22211 755 0 0 0 0 111 6834 329 0 0 0 0 10 185 20 0 0 0 0 14 632 42 0 0 0 0 17 660 35 0 0 0 0 3 254 19 0 0 0 0 0 24 341 53 0 0 0 0 16 240 52 0 0 0 0 19 206 44 0 0 0 0 4 23 4 0 0 0 0 129 1377 176 0 0 0 0 139 1210 163 0 0 0 0 65 517 74 0 0 0 0 9 69 12 0 0 0 0 710 4067 824 0 0 0 0 994 4987 1308 0 0 0 0 612 2956 840 0 0 0 0 170 651 224 0 0 0 0 2141 9546 2391 0 0 0 0 4529 18331 5079 0 0 0 0 3159 12839 3471 0 0 0 0 870 3685 1001 0 0 0 0 3645 21589 2707 0 0 0 0 7947 53678 6390 0 0 0 0 6001 43151 5126 0 0 0 0 1836 15224 2028 0 0 0 0 2421 23112 995 0 0 0 0 6297 81283 2050 0 0 0 0 4546 69540 1978 0 0 0 0 1356 25032 1178 0 0 0 0 335 5859 246 0 0 0 0 1241 24194 501 0 0 0 0 949 23397 648 0 0 0 0 327 10413 452 0 0 0 0 27 1160 68 0 0 0 0 51 1987 85 0 0 0 0 64 1972 113 0 0 0 0 32 1817 106 0 0 0 0 0 46 1550 49 0 0 0 0 43 2131 41 0 0 0 0 22 3006 41 0 0 0 0 7 348 3 0 0 0 0 183 2135 189 0 0 0 0 176 1393 175 0 0 0 0 97 636 102 0 0 0 0 17 120 19 0 0 0 0 842 5253 865 0 0 0 0 1321 5032 1430 0 0 0 0 875 3055 932 0 0 0 0 259 850 266 0 0 0 0 2410 10758 2354 0 0 0 0 4895 14710 4906 0 0 0 0 3403 9994 3376 0 0 0 0 1001 3420 1031 0 0 0 0 3230 36238 3381 0 0 0 0 7129 50252 7365 0 0 0 0 5538 41816 5538 0 0 0 0 1992 16286 2065 0 0 0 0 2160 49047 2366 0 0 0 0 3749 92537 4263 0 0 0 0 2787 85363 3008 0 0 0 0 1165 35790 1196 0 0 0 0 619 22479 746 0 0 0 0 1553 59373 1847 0 0 0 0 1190 65614 1368 0 0 0 0 426 31604 478 0 0 0 0 97 5830 106 0 0 0 0 237 12493 278 0 0 0 0 197 17077 246 0 0 0 0 157 13973 106 0 0 0 0 0 64 348 33 0 0 0 0 44 233 23 0 0 0 0 30 182 24 0 0 0 0 5 34 3 0 0 0 0 192 1411 136 0 0 0 0 152 1053 130 0 0 0 0 82 514 81 0 0 0 0 14 108 11 0 0 0 0 813 3782 754 0 0 0 0 1185 4680 1103 0 0 0 0 794 2930 679 0 0 0 0 231 768 182 0 0 0 0 2423 9318 2145 0 0 0 0 4974 18037 4492 0 0 0 0 3396 13031 3085 0 0 0 0 1038 4256 940 0 0 0 0 2709 22930 4147 0 0 0 0 6730 63429 8965 0 0 0 0 5423 52460 6477 0 0 0 0 2186 18137 2146 0 0 0 0 987 25320 3038 0 0 0 0 2289 94253 7491 0 0 0 0 2255 83387 5310 0 0 0 0 1250 27439 1458 0 0 0 0 202 6324 497 0 0 0 0 519 25464 1565 0 0 0 0 705 24961 1039 0 0 0 0 397 10708 348 0 0 0 0 56 1294 33 0 0 0 0 82 1856 80 0 0 0 0 115 1705 50 0 0 0 0 95 1242 34 0 0 0 0 0 34 157 11 0 0 0 0 23 87 9 0 0 0 0 14 79 10 0 0 0 0 6 14 3 0 0 0 0 156 1413 76 0 0 0 0 99 989 64 0 0 0 0 69 470 27 0 0 0 0 10 82 6 0 0 0 0 628 5257 387 0 0 0 0 789 6231 482 0 0 0 0 452 3465 232 0 0 0 0 114 1131 63 0 0 0 0 2168 13957 1366 0 0 0 0 4533 31467 2557 0 0 0 0 3113 28612 1962 0 0 0 0 934 8091 534 0 0 0 0 2557 72513 4639 0 0 0 0 7419 242900 10645 0 0 0 0 6217 198953 7458 0 0 0 0 2364 53586 1896 0 0 0 0 1096 54249 2660 0 0 0 0 4728 219743 6899 0 0 0 0 4518 164397 4010 0 0 0 0 1644 45593 905 0 0 0 0 133 5508 229 0 0 0 0 693 25754 729 0 0 0 0 779 20881 436 0 0 0 0 349 7776 130 0 0 0 0 21 252 12 0 0 0 0 36 514 26 0 0 0 0 48 640 19 0 0 0 0 22 365 12 0 0 0 0 0 18 72 0 0 0 0 0 10 63 0 0 0 0 0 9 34 0 0 0 0 0 3 6 0 0 0 0 0 93 924 0 0 0 0 0 58 816 0 0 0 0 0 24 219 0 0 0 0 0 1 50 0 0 0 0 0 330 5753 0 0 0 0 0 434 9127 0 0 0 0 0 218 5029 0 0 0 0 0 83 1169 0 0 0 0 0 1185 28754 0 0 0 0 0 2596 60440 0 0 0 0 0 2352 44194 0 0 0 0 0 570 10302 0 0 0 0 0 3243 134307 0 0 0 0 0 10362 286809 0 0 0 0 0 7542 150121 0 0 0 0 0 2194 34583 0 0 0 0 0 1416 61914 0 0 0 0 0 5362 162709 0 0 0 0 0 3841 82168 0 0 0 0 0 873 14755 0 0 0 0 0 113 3731 0 0 0 0 0 458 10388 0 0 0 0 0 343 5136 0 0 0 0 0 120 1360 0 0 0 0 0 8 161 0 0 0 0 0 24 269 0 0 0 0 0 9 207 0 0 0 0 0 5 118 1 0 0 0 0 0 0 0 0 0 0 0 0 0 0 0 0 0 0 0 0 0 0 0 0 0 0 0 71 9 0 0 0 0 0 79 10 0 0 0 0 0 41 4 0 0 0 0 0 18 0 0 0 0 0 0 623 27 0 0 0 0 0 2138 105 0 0 0 0 0 1063 64 0 0 0 0 0 394 19 0 0 0 0 0 2073 122 0 0 0 0 0 11276 477 0 0 0 0 0 7753 322 0 0 0 0 0 2254 118 0 0 0 0 0 11083 239 0 0 0 0 0 59044 1550 0 0 0 0 0 47154 1700 0 0 0 0 0 14534 652 0 0 0 0 0 6526 98 0 0 0 0 0 44974 1039 0 0 0 0 0 30459 923 0 0 0 0 0 7182 302 0 0 0 0 0 445 8 0 0 0 0 0 3800 104 0 0 0 0 0 3051 106 0 0 0 0 0 873 46 0 0 0 0 0 22 2 0 0 0 0 0 137 6 0 0 0 0 0 77 7 0 0 0 0 0 17 3 0 0 0 0 0 0 1 1 0 0 0 0 0 0 0 0 0 0 0 0 0 0 0 0 0 0 0 0 0 0 0 0 0 7 111 14 0 0 0 0 11 203 20 0 0 0 0 7 148 11 0 0 0 0 1 14 2 0 0 0 0 37 596 76 0 0 0 0 123 1832 238 0 0 0 0 72 1011 117 0 0 0 0 13 257 39 0 0 0 0 134 1307 222 0 0 0 0 557 6202 1159 0 0 0 0 343 4835 865 0 0 0 0 122 1744 314 0 0 0 0 352 5454 272 0 0 0 0 1886 33091 1654 0 0 0 0 1694 32638 1589 0 0 0 0 627 12515 767 0 0 0 0 273 4350 81 0 0 0 0 1472 41135 696 0 0 0 0 1230 40002 736 0 0 0 0 378 14644 347 0 0 0 0 25 550 10 0 0 0 0 204 6131 122 0 0 0 0 185 6640 174 0 0 0 0 60 2442 97 0 0 0 0 2 46 6 0 0 0 0 11 213 11 0 0 0 0 5 278 11 0 0 0 0 3 113 3 0 0 0 0 0 0 6 0 0 0 0 0 0 3 2 0 0 0 0 0 1 0 0 0 0 0 0 0 0 0 0 0 0 17 196 30 0 0 0 0 23 247 34 0 0 0 0 14 123 16 0 0 0 0 3 22 4 0 0 0 0 74 540 98 0 0 0 0 262 1416 275 0 0 0 0 184 807 202 0 0 0 0 55 280 58 0 0 0 0 234 1180 294 0 0 0 0 1202 4587 1360 0 0 0 0 880 3286 1022 0 0 0 0 338 1235 379 0 0 0 0 353 2031 355 0 0 0 0 1960 10128 1937 0 0 0 0 1702 9342 1752 0 0 0 0 776 4382 892 0 0 0 0 257 2853 106 0 0 0 0 1387 13836 429 0 0 0 0 1197 13828 441 0 0 0 0 431 6158 333 0 0 0 0 49 1673 59 0 0 0 0 347 4925 127 0 0 0 0 304 5186 96 0 0 0 0 108 2452 101 0 0 0 0 8 424 32 0 0 0 0 31 761 35 0 0 0 0 29 477 24 0 0 0 0 11 444 23 0 0 0 0 0 1 84 0 0 0 0 0 0 224 0 0 0 0 0 0 311 1 0 0 0 0 0 36 0 0 0 0 0 32 513 21 0 0 0 0 41 683 34 0 0 0 0 17 597 24 0 0 0 0 3 127 4 0 0 0 0 115 746 104 0 0 0 0 336 1242 314 0 0 0 0 238 812 206 0 0 0 0 94 293 68 0 0 0 0 287 1567 304 0 0 0 0 1306 3386 1335 0 0 0 0 964 2379 1032 0 0 0 0 407 1129 374 0 0 0 0 364 6364 403 0 0 0 1 1993 8258 2080 0 0 0 0 1726 6837 1779 0 0 0 0 869 3833 879 0 0 0 0 204 11965 221 0 0 0 0 650 13525 789 0 0 0 0 573 13276 665 0 0 0 0 357 7241 400 0 0 0 0 112 8048 117 0 0 0 0 317 11075 389 0 0 0 0 233 10835 347 0 0 0 0 97 5965 118 0 0 0 0 23 2202 22 0 0 0 0 69 3377 71 0 0 0 0 55 2705 85 0 0 0 0 48 2297 33 0 0 0 0 0 1 2 1 0 0 0 0 0 0 1 0 0 0 0 0 3 0 0 0 0 0 1 2 0 0 0 0 0 25 168 15 0 0 0 0 31 232 22 0 0 0 0 15 148 16 0 0 0 0 4 33 2 0 0 0 0 120 543 85 0 0 0 0 289 1258 230 0 0 0 0 209 975 187 0 0 0 0 82 345 48 0 0 0 0 311 1154 260 0 0 0 0 1323 4525 1117 0 0 0 0 999 3470 917 0 0 0 0 393 1397 313 0 0 0 0 317 1877 420 0 0 0 0 1926 10698 2133 0 0 0 0 1733 10477 1851 0 0 0 0 914 5223 802 0 0 0 0 84 2403 325 0 0 0 0 395 15356 1734 0 0 0 0 498 16021 1383 0 0 0 0 385 6457 510 0 0 0 0 61 1654 71 0 0 0 0 116 5711 535 0 0 0 0 163 6097 460 0 0 0 0 85 2872 156 0 0 0 0 23 523 8 0 0 0 0 21 629 33 0 0 0 0 38 549 39 0 0 0 0 18 301 18 0 0 0 0 0 0 0 0 0 0 0 0 0 0 0 0 0 0 0 0 1 0 0 0 0 0 0 0 0 0 0 0 0 20 122 7 0 0 0 0 23 289 16 0 0 0 0 18 195 10 0 0 0 0 1 53 3 0 0 0 0 92 586 50 0 0 0 0 179 1877 118 0 0 0 0 129 1429 91 0 0 0 0 43 594 22 0 0 0 0 271 1462 142 0 0 0 0 1183 6219 553 0 0 0 0 850 5782 449 0 0 0 0 308 2662 179 0 0 0 0 260 5176 443 0 0 0 0 1733 39218 2261 0 0 0 0 1676 40845 1989 0 0 0 0 917 15808 644 0 0 0 0 91 5274 371 0 0 0 0 793 49088 2129 0 0 0 0 949 46995 1681 0 0 0 0 408 17062 451 0 0 0 0 12 677 40 0 0 0 0 141 7954 299 0 0 0 0 187 8590 248 0 0 0 0 106 3770 119 0 0 0 0 3 49 4 0 0 0 0 14 186 9 0 0 0 0 8 317 12 0 0 0 0 10 228 9 0 0 0 0 0 0 1 0 0 0 0 0 0 0 0 0 0 0 0 0 0 0 0 0 0 0 0 0 0 0 0 0 0 8 107 0 0 0 0 0 12 198 0 0 0 0 0 8 90 0 0 0 0 0 1 26 0 0 0 0 0 41 682 0 0 0 0 0 104 2129 0 0 0 0 0 82 1448 0 0 0 0 0 24 335 0 0 0 0 0 123 2836 0 0 0 0 0 552 12811 0 0 0 0 0 430 10070 0 0 0 0 0 176 2812 0 0 0 0 0 275 15618 0 0 0 0 0 1959 84859 0 0 0 0 0 2019 56978 0 0 0 0 0 749 14661 0 0 0 0 0 152 9481 0 0 0 0 0 1357 61732 0 0 0 0 0 1278 43552 0 0 0 0 0 411 9638 0 0 0 0 0 12 795 0 0 0 0 0 149 5415 0 0 0 0 0 144 4052 0 0 0 0 0 60 1682 0 0 0 0 0 3 29 0 0 0 0 0 7 202 0 0 0 0 0 6 172 0 0 0 0 0 7 205 0 0 0 0 0 0 0 0 0 0 0 0 0 0 0 0 0 0 0 0 0 0 0 0 0 0 0 0 2 0 0 0 0 0 0 0 0 0 0 0 0 0 0 0 0 0 0 0 0 0 0 0 0 0 0 0 27 3 0 0 0 0 0 125 5 0 0 0 0 0 124 10 0 0 0 0 0 6 2 0 0 0 0 0 52 4 0 0 0 0 0 906 41 0 0 0 0 0 848 44 0 0 0 0 0 264 11 0 0 0 0 0 443 10 0 0 0 0 0 6044 163 0 0 0 0 0 5559 189 0 0 0 0 0 1691 78 0 0 0 0 0 214 6 0 0 0 0 0 4621 116 0 0 0 0 0 5191 155 0 0 0 0 0 1021 44 0 0 0 0 0 79 0 0 0 0 0 0 819 21 0 0 0 0 0 925 27 0 0 0 0 0 293 11 0 0 0 0 0 23 3 0 0 0 0 0 61 4 0 0 0 0 0 141 5 0 0 0 0 0 58 3 0 0 0 0 0 0 0 0 0 0 0 0 0 0 0 0 0 0 0 0 0 0 0 0 0 0 0 0 0 0 0 0 0 0 0 0 0 0 0 0 0 5 1 0 0 0 0 0 0 0 0 0 0 0 0 0 0 0 0 0 0 3 43 3 0 0 0 0 7 141 12 0 0 0 0 9 91 13 0 0 0 0 0 30 3 0 0 0 0 3 49 12 0 0 0 0 55 586 116 0 0 0 0 39 532 82 0 0 0 0 15 217 35 0 0 0 0 17 208 12 0 0 0 0 205 2770 206 0 0 0 0 218 3505 266 0 0 0 0 71 1348 122 0 0 0 0 11 157 4 0 0 0 0 168 4284 62 0 0 0 0 195 6193 122 0 0 0 0 50 2116 49 0 0 0 0 3 32 2 0 0 0 0 33 748 11 0 0 0 0 35 1225 43 0 0 0 0 14 423 14 0 0 0 0 0 19 6 0 0 0 0 1 113 10 0 0 0 0 16 231 15 0 0 0 0 6 82 2 0 0 0 0 0 0 0 0 0 0 0 0 0 0 0 0 0 0 0 0 0 0 0 0 0 0 0 0 0 0 0 0 0 0 18 2 0 0 0 0 2 25 3 0 0 0 0 0 1 1 0 0 0 0 0 0 0 0 0 0 0 7 47 8 0 0 0 0 16 113 23 0 0 0 0 6 102 21 0 0 0 0 3 11 2 0 0 0 0 4 85 20 0 0 0 0 111 433 125 0 0 0 0 98 392 114 0 0 0 0 40 172 38 0 0 0 0 11 130 55 0 0 0 0 223 1096 263 0 0 0 0 239 1135 295 0 0 0 0 116 619 158 0 0 0 0 15 332 17 0 0 0 0 157 1441 58 0 0 0 0 200 1990 82 0 0 0 0 54 926 78 0 0 0 0 7 323 16 0 0 0 0 48 652 13 0 0 0 0 59 886 30 0 0 0 0 31 441 18 0 0 0 0 3 120 10 0 0 0 0 11 269 16 0 0 0 0 22 324 25 0 0 0 0 12 131 4 0 0 0 0 0 0 0 0 0 0 0 0 0 0 0 0 0 0 0 0 0 0 0 0 0 0 0 0 0 0 0 0 0 2 24 0 0 0 0 0 4 162 5 0 0 0 0 0 87 0 0 0 0 0 0 6 1 0 0 0 0 6 168 7 0 0 0 0 26 138 19 0 0 0 0 21 130 19 0 0 0 0 4 12 5 0 0 0 0 10 1169 10 0 0 0 0 127 448 141 0 0 0 0 115 295 114 0 0 0 0 56 144 44 0 0 0 0 22 8461 38 0 0 0 0 239 2090 259 0 0 0 0 262 989 284 0 0 0 0 142 501 160 0 0 0 0 32 4863 22 0 0 0 0 92 2241 73 0 0 0 0 81 1701 94 0 0 0 0 52 1088 76 0 0 0 0 23 1595 15 0 0 0 0 53 1778 49 0 0 0 0 34 1301 35 0 0 0 0 17 862 19 0 0 0 0 12 556 7 0 0 0 0 26 888 22 0 0 0 0 32 682 39 0 0 0 0 10 384 6 0 0 0 0 0 0 0 0 0 0 0 0 0 0 0 0 0 0 0 0 0 0 0 0 0 0 0 0 0 0 0 0 0 0 3 0 0 0 0 0 7 37 5 0 0 0 0 1 14 0 0 0 0 0 0 14 0 0 0 0 0 11 54 6 0 0 0 0 24 98 22 0 0 0 0 16 123 10 0 0 0 0 3 45 3 0 0 0 0 21 67 8 0 0 0 0 130 463 116 0 0 0 0 102 408 102 0 0 0 0 46 162 38 0 0 0 0 42 183 18 0 0 0 0 233 1128 252 0 0 0 0 283 1254 255 0 0 0 0 147 765 144 0 0 0 0 16 202 13 0 0 0 0 64 1326 146 0 0 0 0 78 1974 190 0 0 0 0 57 896 88 0 0 0 0 17 224 5 0 0 0 0 19 693 60 0 0 0 0 24 882 93 0 0 0 0 20 510 33 0 0 0 0 6 88 2 0 0 0 0 16 178 18 0 0 0 0 14 290 24 0 0 0 0 6 106 12 0 0 0 0 0 0 0 0 0 0 0 0 0 0 0 0 0 0 0 0 0 0 0 0 0 0 0 0 0 0 0 0 0 1 10 0 0 0 0 0 3 24 0 0 0 0 0 2 26 0 0 0 0 0 0 2 0 0 0 0 0 5 46 1 0 0 0 0 14 151 10 0 0 0 0 15 179 10 0 0 0 0 2 90 6 0 0 0 0 8 31 4 0 0 0 0 116 543 43 0 0 0 0 86 566 36 0 0 0 0 38 323 14 0 0 0 0 8 149 22 0 0 0 0 199 2673 193 0 0 0 0 260 3804 238 0 0 0 0 148 1870 83 0 0 0 0 6 160 12 0 0 0 0 73 4606 230 0 0 0 0 127 6667 282 0 0 0 0 55 2735 97 0 0 0 0 4 72 3 0 0 0 0 22 952 46 0 0 0 0 39 1695 61 0 0 0 0 32 838 18 0 0 0 0 7 40 3 0 0 0 0 5 67 7 0 0 0 0 10 138 7 0 0 0 0 7 80 1 0 0 0 0 0 0 0 0 0 0 0 0 0 0 0 0 0 0 0 0 0 0 0 0 0 0 0 0 0 0 0 0 0 0 1 0 0 0 0 0 0 1 0 0 0 0 0 0 0 0 0 0 0 0 0 0 0 0 0 0 0 2 21 0 0 0 0 0 13 149 0 0 0 0 0 7 63 0 0 0 0 0 3 33 0 0 0 0 0 3 74 0 0 0 0 0 47 940 0 0 0 0 0 40 919 0 0 0 0 0 20 207 0 0 0 0 0 10 375 0 0 0 0 0 137 8026 0 0 0 0 0 248 9401 0 0 0 0 0 89 2602 0 0 0 0 0 2 366 0 0 0 0 0 160 7251 0 0 0 0 0 237 8879 0 0 0 0 0 87 2282 0 0 0 0 0 3 96 0 0 0 0 0 11 739 0 0 0 0 0 26 869 0 0 0 0 0 18 632 0 0 0 0 0 2 18 0 0 0 0 0 1 59 0 0 0 0 0 9 114 0 0 0 0 0 2 82 
# boundaries
* 
0 5 10 15 20 28 36 44 56 
-0.75 -0.5 -0.15 0.15 0.5 0.75 
-1050 -750 -450 -150 150 450 750 1050 
-17.5 -12.5 -7.5 -2.5 2.5 7.5 12.5 17.5 
# resample_rates
0 0 0.0983538 0.0877061 0.16609 
