# labels_initial
"A", "L", "\chi", "\beta", "C_1", "C_2", "v_1", "v_2", "\dot v_1", "\dot v_2", "\dot h_1", "\dot h_2", "\dot \psi_1", "\dot \psi_2", "hmd", "vmd" 
# G_initial
0 0 0 0 1 1 0 0 0 0 0 0 0 0 0 0 
1 0 0 0 1 1 1 1 1 1 1 1 0 0 1 1 
0 0 0 0 0 0 0 0 0 0 0 0 0 0 0 0 
0 0 1 0 0 0 0 0 0 0 0 0 0 0 0 0 
0 0 0 0 0 1 1 0 0 0 0 0 0 0 0 0 
0 0 0 0 0 0 0 1 0 0 0 0 0 0 0 0 
0 0 0 1 0 0 0 0 1 0 0 0 1 0 1 0 
0 0 0 1 0 0 1 0 0 1 0 0 0 1 1 0 
0 0 0 0 0 0 0 0 0 0 0 0 1 0 0 0 
0 0 0 0 0 0 0 0 0 0 0 0 0 1 0 0 
0 0 0 0 0 0 1 0 1 0 0 0 0 0 0 1 
0 0 0 0 0 0 0 1 0 1 0 0 0 0 0 1 
0 0 0 0 0 0 0 0 0 0 0 0 0 1 0 0 
0 0 0 0 0 0 0 0 0 0 0 0 0 0 0 0 
0 0 1 0 0 0 0 0 0 0 0 0 0 0 0 0 
0 0 0 0 0 0 0 0 0 0 0 0 0 0 1 0 
# r_initial
4 5 2 12 2 2 6 6 5 5 9 9 9 9 4 10 
# N_initial
2257 2228 1026 16391 1259 702 1 14689 1 0 0 1646 0 0 0 304 0 0 0 481 21902 16651 1647 304 481 28 34 30 31 52 73 83 71 85 100 307 349 309 311 126 100 74 86 47 46 22 30 35 29 205 191 205 236 321 338 441 459 709 718 2132 1994 2205 1985 735 725 457 460 327 328 224 207 208 178 142 113 201 138 280 203 451 344 1013 431 3066 522 3262 336 1034 361 476 271 295 196 178 131 155 96 51 43 63 38 172 66 380 111 881 88 2464 34 2532 35 940 84 365 102 165 54 69 25 46 36 32 40 79 131 186 366 380 171 145 79 34 19 63 100 181 322 523 1101 990 404 314 190 110 78 44 54 70 92 109 148 162 142 85 56 48 38 2 1 12 9 14 13 15 12 4 10 6 1 0 0 0 0 0 0 2 0 0 1 0 0 0 0 0 0 0 0 0 0 1 0 0 0 64 104 184 305 392 844 920 435 278 152 85 61 133 297 466 733 1604 5794 5783 1699 725 460 280 137 116 105 164 279 466 1051 1389 574 257 184 109 98 21 23 16 34 60 108 104 45 26 31 21 16 1 1 1 0 1 9 9 5 1 1 1 1 0 0 0 0 0 0 0 0 1 0 0 0 26 32 39 64 83 96 90 70 75 47 23 21 85 91 163 218 367 758 617 303 214 144 85 86 17 15 31 55 94 215 208 99 62 28 20 16 14 9 12 12 20 57 45 28 14 8 10 7 2 2 3 2 2 8 8 3 4 2 4 4 0 0 0 1 0 0 0 0 0 0 0 0 0 5 7 6 11 13 3 10 9 1 3 1 9 17 33 38 33 53 57 43 33 26 18 8 7 3 11 14 22 45 34 24 10 12 8 8 19 11 8 5 9 15 16 10 6 4 3 30 10 4 3 0 3 25 18 5 5 3 5 13 0 0 0 0 0 5 11 1 0 0 0 2 0 0 2 3 0 0 3 0 3 1 0 0 0 2 1 1 1 1 4 1 1 2 0 0 3 2 1 1 3 2 3 2 4 4 1 1 10 2 6 2 7 28 18 9 1 1 0 22 71 9 5 6 8 73 60 7 5 3 8 73 12 5 2 1 2 12 7 1 5 4 2 14 0 0 0 0 0 1 0 0 0 0 0 0 0 1 0 0 1 0 1 1 1 0 0 0 0 0 0 0 0 1 0 0 0 0 0 1 2 0 0 0 1 12 6 0 2 2 0 1 19 4 5 4 2 12 12 1 0 2 0 8 25 3 0 2 1 2 0 0 0 0 2 18 49 2208 325 1903 321 705 4101 12290 30 1229 32 670 0 1 2789 11900 0 1 0 0 0 0 143 1503 0 0 0 0 0 0 5 299 0 0 0 0 0 0 0 481 0 49 0 325 0 321 0 4101 0 30 0 32 0 0 0 2789 0 0 0 0 0 0 0 143 0 0 0 0 0 0 0 5 0 0 0 0 0 0 0 0 311 1897 408 1495 360 345 5560 6730 109 1120 39 631 1 0 3849 8051 0 1 0 0 0 0 257 1246 0 0 0 0 0 0 4 295 0 0 0 0 0 0 1 480 0 0 0 0 0 0 0 0 0 0 0 0 0 0 0 0 0 0 0 0 0 0 0 0 0 0 0 0 0 0 1 1 0 0 0 0 0 1 4 2 0 0 0 0 0 0 0 0 0 0 0 0 0 0 0 0 0 0 0 0 0 0 0 0 0 0 0 1 0 0 0 0 0 0 0 0 0 0 0 0 0 0 0 0 0 0 0 0 0 0 0 1 0 0 0 1 0 3 1 8 0 0 0 0 1 7 2 0 0 0 0 0 0 0 0 0 0 0 0 0 0 0 0 0 0 0 0 0 1 0 0 0 0 0 0 0 0 0 0 0 0 0 0 0 0 0 0 0 0 0 0 0 2 1 1 0 0 3 1 0 0 0 0 0 0 4 1 0 0 0 0 0 3 0 0 0 0 0 2 0 0 0 0 0 0 0 0 0 0 0 0 0 0 0 0 0 0 0 0 0 0 0 0 0 0 0 0 0 0 0 0 0 0 1 0 0 0 0 0 3 0 0 0 0 0 1 3 0 0 0 0 0 1 0 0 0 0 0 1 0 0 0 0 0 0 0 0 0 0 0 0 0 0 0 0 0 0 0 0 0 0 0 0 0 0 0 0 0 0 0 0 0 0 0 0 0 0 0 0 0 0 0 0 0 0 0 0 1 0 0 0 0 1 1 0 0 0 1 2 1 0 0 0 0 0 0 0 0 0 0 0 0 0 0 0 0 0 0 0 0 0 0 0 0 0 0 0 0 0 0 0 0 0 0 0 0 0 0 0 0 0 0 0 0 0 0 0 1 0 0 0 0 0 2 0 0 0 0 0 0 0 1 0 0 0 0 0 0 0 0 0 0 0 0 0 0 0 0 0 0 0 0 0 0 0 0 0 0 0 0 0 1 2 0 1 0 0 0 8 0 0 0 0 0 1 2 0 0 0 0 0 1 0 0 0 0 0 0 0 0 0 0 0 0 0 0 0 0 3 0 0 0 0 0 0 0 0 0 0 0 0 0 0 0 0 0 0 0 0 0 0 3 14 1 0 0 0 0 30 16 0 0 0 0 0 11 4 0 0 0 0 0 0 0 0 0 0 0 0 0 1 0 0 0 0 0 0 0 0 0 0 0 0 0 0 0 0 0 0 0 0 0 0 0 0 0 0 0 0 0 0 0 0 1 0 0 0 2 4 4 1 0 0 0 2 11 5 0 0 0 0 0 1 0 0 0 0 0 0 0 0 0 0 0 0 0 0 0 0 0 0 0 0 0 0 0 0 0 0 0 0 0 1 0 0 0 0 0 0 0 0 0 0 0 0 0 0 0 0 0 0 0 0 0 1 1 3 0 0 0 0 1 3 0 0 0 0 0 1 1 0 0 0 0 0 0 0 0 0 0 0 0 0 0 0 0 0 0 0 0 0 0 0 0 0 0 0 0 0 0 0 0 0 0 0 0 0 0 0 0 0 0 0 0 0 0 0 0 0 0 0 1 1 0 0 0 0 0 7 2 0 0 0 0 0 0 0 0 0 0 0 0 0 0 0 0 0 0 0 0 0 0 0 0 0 0 0 0 0 0 0 0 0 0 0 0 0 0 0 0 0 0 0 0 0 0 0 0 0 0 0 0 0 0 0 0 0 0 0 0 3 4 2 0 0 0 0 0 0 0 0 0 0 0 0 0 0 0 0 0 0 0 0 0 0 0 0 0 0 0 1 22 42 3 0 0 1 25 100 13 0 0 0 0 6 6 0 0 0 0 0 0 0 0 0 0 0 0 0 0 2 5 3 0 0 0 3 11 6 0 0 0 0 0 0 0 0 0 0 0 0 0 0 0 0 0 0 0 0 0 2 61 138 7 0 0 1 43 390 62 1 0 0 0 31 35 9 0 0 0 0 0 0 0 0 0 0 0 0 0 0 2 0 0 0 0 2 7 3 1 0 0 0 0 2 1 0 0 0 0 0 0 0 0 0 0 0 0 0 0 0 3 9 2 0 0 1 11 41 9 0 0 1 0 16 30 5 0 0 0 0 2 0 0 0 0 0 0 1 0 0 0 1 0 0 0 0 0 1 0 0 0 0 0 0 1 0 0 0 0 0 0 0 0 0 0 0 0 0 0 0 3 1 2 0 0 0 0 4 0 0 0 0 0 9 7 4 0 0 0 0 0 3 0 0 0 0 1 2 1 0 0 0 0 0 0 0 0 0 0 0 0 0 0 0 0 0 0 0 0 0 0 0 0 0 0 0 0 0 0 0 0 0 0 0 0 0 0 0 0 0 0 0 0 0 2 5 0 0 0 0 0 8 4 0 0 0 0 18 7 0 0 0 0 0 0 0 0 0 0 0 0 0 0 0 0 0 0 0 0 0 0 0 0 0 0 0 0 0 0 0 0 0 0 0 0 0 0 0 0 0 0 0 0 0 1 0 0 0 0 0 0 4 0 0 0 0 0 0 0 20 29 5 0 0 0 5 16 2 0 0 0 0 0 0 0 0 0 0 0 0 0 0 0 0 0 0 0 0 0 26 157 57 5 0 0 17 108 113 3 0 0 1 1 11 1 0 0 0 0 0 0 0 0 0 0 0 0 0 0 45 107 14 0 0 0 20 70 11 0 0 0 0 0 1 0 0 0 0 0 0 0 0 0 0 0 0 0 0 0 38 568 362 3 1 0 18 383 450 38 0 0 0 4 36 24 0 0 0 0 0 1 0 0 0 0 0 0 0 0 5 11 0 0 0 0 3 31 4 1 0 0 5 3 2 0 0 0 0 0 0 0 0 0 0 0 0 0 0 0 0 30 11 2 0 0 1 67 59 4 0 0 1 2 15 18 2 0 0 0 0 0 1 0 0 0 0 0 0 0 1 0 0 0 0 0 2 1 0 0 0 0 1 2 0 0 0 0 0 0 0 0 0 0 0 0 0 0 0 0 0 3 0 1 0 0 1 5 6 2 0 0 0 0 6 3 1 0 0 0 0 0 3 1 0 0 0 1 3 0 0 0 0 0 0 0 0 0 0 0 0 0 0 0 0 0 0 0 0 0 0 0 0 0 0 0 0 0 0 0 0 1 0 2 0 0 0 0 0 1 0 0 0 0 0 1 0 0 0 0 0 0 6 2 0 0 0 1 7 0 0 0 0 0 0 0 0 0 0 0 0 0 0 0 0 0 0 0 0 0 0 0 0 0 0 0 0 0 0 0 0 0 0 0 0 0 0 0 0 0 0 0 0 0 0 0 0 0 0 0 0 0 0 3 0 0 0 0 3 2 292 493 8 0 0 0 124 206 8 0 0 0 0 0 0 0 0 0 0 0 0 0 0 0 0 0 0 0 0 0 726 1987 154 10 0 0 241 1023 376 21 1 0 4 1 30 11 1 0 7 2 0 0 0 0 1 0 0 0 0 1 734 2007 134 1 0 0 443 829 29 1 0 0 0 5 0 0 0 0 0 0 0 0 0 0 0 0 0 0 0 0 1342 8431 887 27 2 0 649 4085 1787 133 4 0 2 52 146 71 4 0 0 0 4 0 0 0 1 0 0 0 1 0 75 222 7 1 0 0 133 361 28 1 0 0 16 21 6 1 0 0 0 0 0 0 0 0 0 0 0 0 0 0 49 541 58 6 0 0 258 1354 312 24 1 0 11 88 169 67 11 1 0 2 11 5 3 0 0 0 1 0 0 0 3 5 0 0 0 0 13 53 1 1 0 0 8 12 14 3 2 0 0 1 0 0 0 0 0 0 0 0 0 0 6 11 2 3 0 0 23 156 31 2 2 0 5 65 93 40 9 0 1 0 7 22 10 0 0 0 2 18 32 14 1 0 0 0 0 0 1 1 0 0 0 0 0 3 3 1 1 0 1 1 0 0 0 0 0 0 0 0 0 0 3 0 0 0 0 0 0 1 1 3 1 0 2 5 10 12 19 3 2 0 7 18 31 11 1 0 0 52 189 16 0 1 0 0 0 0 0 0 0 0 0 0 0 0 0 0 0 0 0 0 0 0 0 0 0 0 0 0 0 0 0 0 0 0 0 0 1 3 0 1 1 1 0 0 0 1 3 1 0 0 1 3 17 21 0 0 0 18 32 6 46 34 0 0 0 0 20 22 1 0 0 0 0 0 0 0 0 0 0 0 0 0 0 0 0 0 0 0 0 0 77 107 15 2 0 0 42 76 22 4 0 0 1 2 0 1 0 0 0 0 0 0 0 0 0 0 0 0 0 0 112 225 9 0 0 0 79 119 4 0 0 0 0 0 0 0 0 0 0 0 0 0 0 0 0 0 0 0 0 0 194 615 30 2 0 0 112 317 63 7 0 0 0 4 8 5 2 0 0 0 0 0 0 0 0 0 0 0 0 0 30 54 0 0 0 0 21 80 4 0 0 0 6 8 2 0 0 0 0 0 0 0 0 0 0 0 0 0 0 0 16 51 4 1 0 0 24 117 10 2 0 0 1 4 8 6 1 0 0 0 1 0 0 0 0 0 1 0 0 0 0 2 0 0 0 0 0 11 0 0 0 0 0 5 0 0 0 0 0 0 0 0 0 0 0 0 0 0 0 0 1 2 0 1 0 0 1 4 6 0 0 0 0 11 5 3 1 0 0 0 0 2 0 0 0 0 0 0 1 0 1 0 0 0 0 0 0 0 0 0 0 0 0 1 0 0 0 0 0 0 0 0 0 0 0 0 0 0 0 0 0 0 0 0 0 0 0 1 0 0 1 0 0 0 3 1 3 1 0 0 0 1 4 7 0 0 0 1 5 1 0 0 0 0 0 0 0 0 0 0 0 0 0 0 0 0 0 0 0 0 0 0 0 0 0 0 0 0 0 0 0 1 0 0 0 0 0 0 0 0 0 0 0 0 0 0 1 0 0 0 0 0 2 5 0 0 0 0 2 2 1 4 0 0 0 0 0 4 0 0 0 0 0 0 0 0 0 0 0 0 0 0 0 0 0 0 0 0 0 0 2 18 13 0 0 0 2 26 46 5 0 0 0 0 1 0 0 0 0 0 0 0 0 0 0 0 0 3 0 0 8 13 0 0 0 0 2 17 4 0 0 0 0 0 0 0 0 0 0 0 0 0 0 0 0 0 0 0 0 0 11 51 34 2 0 0 5 55 85 6 0 0 0 3 8 14 1 0 0 0 0 2 0 0 0 0 0 0 0 0 1 8 0 0 0 0 2 12 0 0 0 0 0 0 1 0 0 0 0 0 0 0 0 0 0 0 0 0 0 0 0 7 2 0 0 0 1 20 19 2 0 0 1 5 10 11 2 0 0 0 1 1 1 0 0 0 0 0 0 0 1 1 0 0 0 0 0 0 0 0 0 0 0 1 1 0 0 0 0 0 0 0 0 0 0 0 0 0 0 0 0 3 0 0 0 0 0 2 1 0 0 0 0 7 4 7 1 0 0 0 0 0 0 0 0 0 0 1 1 2 0 0 0 0 0 0 0 0 0 0 0 0 0 0 1 0 0 0 0 0 0 0 0 0 0 0 0 0 0 0 0 0 0 0 0 0 0 0 1 0 1 0 0 0 1 1 3 0 0 0 0 5 5 4 0 0 0 0 1 3 0 0 0 0 0 0 0 0 0 0 0 0 0 0 0 0 0 0 0 0 0 0 0 0 0 0 0 0 0 0 0 0 0 0 0 0 0 0 0 0 0 0 0 0 0 0 1 1 0 0 0 0 2 3 0 0 0 2 0 3 0 0 0 0 0 0 0 0 0 0 0 0 0 0 0 0 0 0 0 0 0 0 0 0 0 0 0 0 0 0 0 1 0 0 0 0 0 3 13 4 0 0 0 1 1 0 0 0 0 0 1 1 0 0 0 0 0 0 0 0 0 0 0 0 0 0 0 4 0 0 0 0 0 0 0 0 0 0 0 0 0 0 0 0 0 0 0 0 0 0 0 1 1 0 0 0 0 8 50 8 0 0 0 0 5 9 0 0 0 0 0 0 0 0 0 0 0 0 0 0 0 0 0 0 0 0 0 1 0 0 0 0 0 0 0 0 0 0 0 0 0 0 0 0 0 0 0 0 0 0 0 0 0 0 0 0 0 1 19 5 0 0 0 1 8 5 1 0 0 0 0 1 0 0 0 0 0 0 0 0 0 0 0 0 0 0 0 0 0 0 0 0 1 0 0 0 1 0 0 0 0 0 0 0 0 0 0 0 0 0 0 0 0 0 0 0 0 1 0 1 0 0 0 0 1 3 1 0 0 0 0 2 1 0 0 0 0 0 0 0 0 0 0 0 0 0 0 0 0 0 0 0 0 0 0 0 0 0 0 0 0 0 0 0 0 0 0 0 0 0 0 0 0 0 0 0 0 0 0 1 0 0 0 0 0 1 2 0 0 0 0 0 2 1 0 0 0 0 0 0 0 0 0 0 0 0 0 0 0 0 0 0 0 0 0 0 0 0 0 0 0 0 0 0 0 0 0 0 0 0 0 0 0 0 0 0 0 0 0 0 0 0 0 0 0 0 1 0 0 0 0 0 0 0 0 0 1 0 0 1 0 0 0 0 0 0 1 0 0 0 0 0 0 0 0 0 0 0 0 0 0 0 0 0 0 0 0 0 0 0 0 0 0 0 0 0 0 0 6 1 0 0 0 0 0 0 0 0 0 0 0 0 0 0 0 0 0 0 0 0 0 0 0 0 0 0 0 5 0 0 0 0 0 0 0 0 0 0 0 0 0 0 0 0 0 0 0 0 0 0 1 0 0 0 0 0 0 5 9 2 0 0 0 0 4 2 0 0 0 0 0 0 0 0 0 0 0 0 0 0 0 1 0 0 0 0 0 0 0 0 0 0 1 0 0 0 0 0 0 0 0 0 0 0 0 0 0 0 0 0 0 0 0 0 0 0 0 0 6 2 0 0 0 0 0 3 1 0 0 0 0 1 0 0 0 0 0 0 0 0 0 0 0 0 0 0 0 0 0 0 0 0 0 0 0 0 0 0 0 0 0 0 1 0 0 0 0 0 0 0 0 0 0 0 0 0 1 0 1 0 1 0 0 1 0 2 1 0 0 0 0 0 0 0 0 0 0 0 0 0 0 0 0 0 0 0 0 0 0 0 0 0 0 0 0 0 0 0 0 0 0 0 0 0 0 0 0 0 0 0 0 0 0 0 0 0 0 0 0 0 0 1 0 0 0 0 3 0 0 0 0 0 2 1 0 0 0 0 0 0 0 0 0 0 0 0 0 0 0 0 0 0 0 0 0 0 0 0 0 0 0 0 0 0 0 0 0 0 0 0 0 0 0 0 0 0 0 0 0 0 0 0 0 0 0 0 0 0 0 0 0 0 0 1 0 0 0 0 0 0 0 0 0 0 0 0 0 2 1 0 0 0 0 1 0 0 0 0 0 0 0 0 0 0 0 0 0 0 0 0 0 3 2 1 0 1 0 4 2 7 0 0 0 1 1 2 1 0 0 0 1 2 2 4 0 0 0 1 2 1 0 0 0 0 0 0 1 2 1 0 0 0 0 0 1 0 0 0 0 0 0 0 0 0 0 0 0 0 0 0 0 2 15 1 0 0 0 1 44 9 1 0 0 0 5 31 2 1 0 0 0 1 2 0 0 0 0 1 1 0 8 16 5 2 0 0 4 22 23 3 0 0 0 0 0 1 0 0 0 0 0 0 0 0 0 0 0 0 0 0 2 64 102 8 2 0 3 78 343 56 0 0 0 2 37 46 8 0 0 0 0 1 5 1 1 0 0 1 7 3 108 252 23 0 0 0 42 148 14 2 0 0 11 3 7 2 0 0 0 0 0 0 0 0 0 0 0 0 0 0 109 834 296 8 1 0 54 737 399 22 1 0 1 7 38 32 2 3 2 0 0 2 12 4 0 0 0 1 7 3 1539 4099 127 1 0 0 1008 2153 102 3 1 0 12 98 79 9 2 0 0 0 3 0 1 0 0 1 0 0 0 0 2192 10360 603 31 5 1 1293 6491 1405 127 5 2 38 323 308 101 42 6 8 6 25 37 67 36 4 1 2 67 255 47 200 231 5 0 0 0 162 247 9 0 0 0 2 18 1 0 0 0 0 0 0 0 0 0 0 0 0 0 0 0 201 344 26 2 0 0 134 446 247 24 0 1 17 35 24 33 5 0 1 0 4 5 10 10 0 0 1 2 9 8 8 13 0 0 0 0 3 33 7 0 0 0 0 4 2 0 0 0 0 0 0 0 0 0 0 0 0 0 0 0 5 30 10 0 0 0 7 108 284 46 1 1 1 15 39 52 17 0 1 0 0 7 16 5 0 0 1 6 17 4 0 2 0 0 0 0 0 0 0 0 0 0 0 2 1 0 0 0 0 0 0 0 0 0 0 0 0 0 0 0 0 0 1 0 0 0 2 16 158 33 2 0 0 1 39 26 7 1 0 1 1 2 7 3 0 0 1 3 9 3 0 0 0 0 0 0 1 3 0 0 0 1 1 0 0 0 0 0 0 0 0 0 0 0 0 0 0 0 0 0 1 0 0 0 0 0 2 4 42 5 4 2 0 0 21 16 3 0 0 0 0 3 5 1 0 0 0 0 8 3 0 0 1 0 0 0 0 0 0 0 0 0 0 0 0 0 0 0 0 0 0 0 0 0 0 0 1 1 0 0 0 5 1 2 0 0 0 0 0 0 0 0 0 0 0 0 0 0 0 0 0 1 0 1 0 0 6 1 0 0 0 0 1 0 0 0 0 0 0 0 0 0 0 0 0 0 1 0 1 0 0 8 5 0 0 0 2 8 2 0 0 0 0 0 0 0 0 0 1 0 0 0 1 0 0 0 0 0 0 0 0 0 4 2 0 0 0 2 3 0 0 1 3 1 0 0 0 0 1 0 0 0 0 0 0 2 0 0 0 0 0 2 1 0 0 0 0 1 0 0 0 1 0 0 0 0 0 0 0 0 0 0 0 0 0 0 0 0 0 0 0 0 0 0 0 0 2 2 1 0 0 0 1 1 0 0 0 0 0 0 0 0 0 0 0 0 0 0 0 0 0 8 7 1 0 0 17 23 5 0 0 2 2 0 0 0 0 0 0 0 0 0 0 0 0 0 0 1 1 0 1 11 4 4 0 0 12 11 2 0 1 0 1 1 0 0 0 0 0 0 0 1 0 0 0 0 1 0 0 0 0 6 6 0 0 0 2 1 3 0 1 3 4 0 0 0 0 0 0 0 0 0 0 0 0 0 0 0 0 0 0 0 0 0 0 0 3 0 0 0 0 0 7 1 0 0 0 4 4 0 0 0 1 0 0 0 0 0 0 0 0 0 0 0 0 0 22 68 10 0 0 14 66 17 0 0 0 0 0 0 0 0 0 0 0 0 0 0 0 0 0 81 98 17 0 0 142 339 64 0 0 13 37 14 0 0 0 0 0 0 0 0 0 0 0 0 9 4 1 0 0 37 39 9 0 0 30 46 7 0 0 0 2 0 0 0 0 1 0 0 0 0 0 0 0 0 1 0 0 0 0 10 9 4 0 0 3 8 3 1 0 3 10 7 1 0 0 0 0 0 0 0 0 0 0 0 0 0 0 0 0 2 1 1 0 0 3 4 1 0 0 9 113 13 0 0 2 57 8 0 0 1 7 0 0 0 0 0 0 0 0 0 0 0 0 0 130 693 83 0 0 88 506 87 0 0 2 10 0 0 0 0 0 0 0 0 0 0 0 0 2 108 306 33 0 0 131 421 93 0 0 16 43 12 0 0 0 0 0 0 0 0 0 0 0 0 6 5 2 0 0 24 19 6 0 0 12 24 11 0 0 0 1 0 0 0 1 1 0 0 0 1 0 0 0 0 0 0 0 0 0 0 1 2 0 0 1 4 5 0 0 2 8 3 0 0 0 0 0 0 0 0 0 0 0 0 0 0 0 0 0 0 3 3 0 0 0 2 0 0 0 152 2639 440 0 0 93 1500 293 0 0 1 43 4 0 0 0 10 1 0 0 0 3 0 0 0 1192 11057 1446 3 0 800 6321 949 2 0 21 196 35 0 0 0 3 3 0 0 0 0 0 0 0 245 879 126 0 0 461 1658 453 1 0 78 311 82 0 0 7 19 4 0 0 0 1 2 0 1 18 22 7 0 0 73 95 19 0 2 54 120 31 0 2 5 25 16 0 1 16 41 29 1 0 1 1 0 0 0 6 2 2 0 2 16 25 7 0 1 21 28 11 0 1 63 121 69 0 0 0 0 0 0 0 1 0 0 0 1 2 1 1 0 2 12 13 5 0 0 14 14 9 0 0 19 383 75 0 0 13 235 51 0 0 1 5 2 0 0 0 0 0 0 0 0 0 0 0 0 70 836 185 0 0 82 555 109 1 0 1 25 9 0 0 0 0 0 0 0 0 0 0 0 0 8 33 17 0 0 20 54 36 0 0 2 16 8 0 0 0 0 1 0 0 0 1 0 0 0 2 2 2 0 0 4 9 0 0 1 1 4 10 0 0 0 1 2 0 0 0 1 0 0 0 0 0 0 0 0 1 0 0 0 0 2 5 1 0 1 2 1 2 0 0 1 4 3 0 0 0 0 0 0 0 0 0 0 0 0 0 1 0 0 0 4 5 3 0 0 0 3 0 0 0 0 17 7 0 0 0 7 5 0 0 0 1 0 0 0 0 0 0 0 0 0 0 0 0 0 4 69 32 0 0 19 91 26 0 0 0 12 4 0 0 0 0 0 0 0 0 0 0 0 0 4 22 23 0 0 14 91 51 0 0 2 15 10 0 0 1 0 0 0 0 0 0 0 0 0 1 1 0 0 0 3 6 4 0 0 6 15 12 0 1 3 2 2 0 0 2 4 0 0 0 0 0 0 0 0 0 1 0 0 1 3 2 2 0 0 2 3 3 0 0 0 1 1 0 0 0 0 0 0 0 0 0 0 0 0 0 1 0 0 1 4 1 1 0 0 5 1 2 0 0 0 0 0 0 0 0 0 0 0 0 0 0 1 0 0 0 0 0 0 0 0 0 0 0 0 0 2 0 0 0 3 12 3 0 0 0 2 0 0 0 0 0 0 0 0 0 0 0 0 0 0 1 0 0 0 9 45 28 0 0 0 11 4 0 0 0 0 0 1 0 0 1 0 0 0 0 0 0 0 0 7 8 4 0 0 3 8 7 0 0 1 1 2 0 0 0 0 0 0 0 0 0 0 0 0 0 0 0 0 0 3 2 1 0 0 2 1 0 0 0 0 0 0 0 0 0 0 0 0 0 0 0 0 0 0 0 0 0 0 0 1 0 0 0 0 1 0 0 0 0 0 1 0 0 0 1 1 0 0 0 0 1 0 0 0 0 0 0 0 0 0 0 0 0 0 0 0 1 0 0 1 5 4 0 0 0 1 0 0 0 0 0 0 0 0 0 0 0 0 0 0 0 0 0 0 1 11 10 0 0 0 3 1 0 0 0 0 0 0 0 0 0 0 0 0 0 0 0 0 0 3 2 0 0 0 0 4 3 0 0 0 1 0 0 0 0 0 0 0 0 0 0 0 0 0 1 0 0 0 0 4 0 1 0 0 0 1 2 0 0 0 0 0 0 0 0 0 0 0 0 1 0 0 0 0 0 0 0 0 0 1 0 1 0 0 0 0 0 0 0 0 0 0 0 0 0 0 0 0 0 0 0 0 0 0 0 0 0 0 0 0 0 0 0 0 1 1 1 0 0 1 4 1 0 0 0 0 2 0 0 0 0 0 0 0 0 0 0 0 0 1 1 0 0 0 0 3 0 0 0 0 1 0 0 0 0 0 0 1 0 0 0 0 0 0 1 0 0 0 0 2 3 2 0 0 1 1 0 0 0 0 0 2 0 0 0 0 1 0 0 0 0 0 0 0 0 0 0 0 0 0 0 1 0 0 1 1 0 0 0 0 0 2 0 0 0 0 1 0 0 0 0 0 0 0 0 0 0 0 0 3 1 0 0 0 0 1 0 0 0 0 0 0 0 0 0 1 0 0 0 0 0 0 0 0 0 0 0 0 0 0 0 0 0 0 0 2 0 0 0 1 1 1 0 0 0 0 0 0 0 0 0 0 0 0 0 0 0 0 0 7 8 0 0 0 12 28 5 0 0 1 4 1 0 0 0 0 0 0 0 0 0 0 0 0 0 1 0 0 0 1 8 0 0 1 5 21 4 0 0 1 0 0 0 0 0 1 0 0 0 0 0 0 0 0 1 0 0 0 0 1 1 0 0 0 1 1 0 0 0 0 1 0 0 0 0 0 0 0 0 0 0 0 0 0 0 1 0 0 0 0 0 0 0 0 0 0 0 0 0 2 7 1 0 0 2 5 0 0 0 0 0 0 0 0 0 0 0 0 0 0 1 0 0 0 25 46 9 0 0 14 70 16 0 0 0 0 2 0 0 0 0 0 0 0 0 0 0 0 0 40 60 7 0 0 77 247 42 0 0 11 20 6 0 0 0 0 0 0 0 0 0 0 0 1 2 6 1 0 0 24 28 7 0 0 17 23 7 0 0 0 1 0 0 0 0 1 0 0 1 1 0 0 0 0 0 0 0 0 1 2 1 4 0 0 2 0 3 0 0 2 2 3 0 0 0 0 0 0 0 0 0 0 0 0 0 0 0 0 0 0 1 0 0 0 0 2 1 0 0 16 185 16 0 0 5 71 20 0 0 0 12 0 0 0 0 1 1 0 0 0 0 0 0 0 161 816 108 1 0 93 692 100 0 0 1 7 2 0 0 0 0 0 0 0 0 0 0 0 0 75 217 27 0 0 93 266 54 0 0 7 33 5 0 0 0 0 0 0 0 0 0 0 0 0 4 3 1 0 0 10 11 3 0 0 12 19 3 0 0 0 1 1 0 0 0 1 0 0 0 1 0 0 0 0 1 0 0 0 1 1 0 0 0 1 4 4 3 0 0 2 5 0 0 0 0 0 0 0 0 0 0 0 0 1 2 0 0 0 1 2 1 0 0 0 2 0 1 0 0 157 3015 559 0 0 99 1805 397 0 0 6 38 6 0 0 0 4 3 1 0 0 4 0 0 0 1163 11790 1506 0 0 842 6667 1135 0 0 51 309 61 0 0 0 3 3 0 0 0 2 0 0 0 151 503 75 1 2 303 941 260 1 0 54 268 65 0 0 4 15 8 1 0 0 2 0 0 0 7 16 9 0 0 54 63 13 0 1 22 68 19 0 0 10 16 11 0 0 9 36 22 0 0 1 3 1 0 0 3 2 0 1 0 11 18 14 1 2 21 27 18 0 0 55 126 74 0 0 1 0 0 0 1 1 0 0 0 0 3 0 3 0 0 18 11 7 0 0 21 15 11 0 0 13 314 74 0 0 9 232 55 0 0 3 14 2 0 0 0 1 0 0 0 0 0 0 0 0 39 430 105 1 0 57 502 134 0 0 9 34 10 0 0 0 0 0 0 0 0 0 0 0 0 5 20 6 0 0 28 126 101 1 0 4 15 6 0 0 0 0 3 1 0 1 0 0 0 0 1 1 0 0 0 5 18 1 0 0 6 13 14 0 0 1 3 1 0 0 0 0 2 0 0 0 0 0 0 0 0 0 0 0 0 4 0 1 0 1 2 5 2 0 0 1 4 4 0 0 0 0 0 0 0 0 0 1 0 0 0 0 0 0 1 7 2 0 0 0 3 4 1 0 0 1 9 3 0 0 0 7 3 0 0 0 1 0 0 0 0 1 0 0 0 0 0 0 0 0 3 28 12 0 0 10 84 47 0 0 2 11 6 0 0 0 0 0 0 0 0 0 0 0 0 0 8 2 0 0 34 148 109 0 1 1 25 14 0 0 0 0 0 0 0 0 1 0 0 0 0 0 0 0 0 12 28 6 0 0 8 25 19 0 0 0 2 5 0 0 1 3 2 0 0 0 0 0 0 0 0 1 0 0 0 4 6 7 0 1 5 6 4 0 0 5 7 5 0 0 0 0 0 0 0 1 0 0 0 0 0 0 0 0 0 2 3 0 0 0 2 2 0 0 0 0 0 0 0 0 0 2 0 0 0 0 0 0 0 0 0 0 0 0 0 0 0 0 0 0 0 1 1 0 0 2 8 6 0 0 0 2 1 0 0 0 1 0 0 0 0 0 0 0 0 0 1 0 0 0 6 83 69 0 0 4 23 13 0 0 0 1 0 0 0 0 1 0 0 0 0 0 0 0 0 9 15 9 0 0 5 12 9 0 0 0 2 0 0 0 0 2 1 0 0 0 0 0 0 0 1 1 0 0 0 1 2 4 0 0 2 4 1 0 0 2 5 2 0 0 0 0 0 0 0 0 0 0 0 1 0 0 0 0 0 0 3 0 0 0 2 1 0 0 0 0 1 0 0 0 0 3 0 0 0 0 1 0 0 0 0 0 0 0 0 0 0 0 0 0 0 0 0 0 0 2 4 1 0 0 0 0 0 0 0 0 0 0 0 0 0 0 0 0 0 0 0 0 0 0 6 22 14 0 0 0 10 11 0 0 0 0 0 0 0 0 0 0 0 0 0 0 0 0 0 1 2 2 0 0 1 7 8 0 0 2 0 1 0 0 0 0 0 0 0 0 0 0 0 0 0 1 2 1 1 1 1 0 0 0 3 1 1 0 0 2 3 3 0 0 0 0 0 0 2 0 1 0 0 0 0 0 0 0 0 0 1 0 0 0 0 3 0 0 9 25 318 1504 18229 1632 180 3 2 28 68 736 1442 12729 1170 318 119 41 21 41 171 141 1033 94 86 42 18 8 9 21 17 188 22 24 9 6 7 11 30 17 385 13 16 2 0 7 18 209 1631 18958 1009 66 3 1 16 59 532 1419 12590 1270 490 211 64 6 40 94 106 1018 135 130 77 41 9 3 7 20 183 30 29 14 9 4 2 12 11 377 20 28 16 11 0 0 0 0 0 0 0 0 0 0 0 0 0 0 0 0 0 0 0 0 0 1 1 0 0 0 0 0 0 1 2 3 2 1 1 0 0 0 2 2 1 0 2 0 0 0 0 0 2 2 1 1 0 0 7 12 54 49 50 59 49 8 5 3 22 241 520 960 495 208 8 0 1 2 76 223 775 224 74 2 0 0 0 23 56 218 44 13 1 0 0 0 8 24 103 19 8 1 0 0 0 3 8 27 14 4 0 0 48 111 665 976 1461 1025 625 90 35 14 70 1089 4220 9921 4120 1042 52 7 0 3 199 765 2596 734 150 3 0 0 0 14 95 341 76 17 1 0 0 1 8 44 162 38 5 1 0 0 0 3 3 32 10 4 0 0 36 52 153 139 190 155 134 26 20 4 28 244 581 1246 639 241 19 5 1 1 85 177 592 169 69 1 1 0 0 14 38 107 28 8 2 1 0 2 8 25 79 20 3 1 0 0 0 3 1 14 5 4 1 0 0 0 0 0 0 0 0 0 0 0 0 2 0 2 0 0 1 1 0 0 1 0 0 0 1 0 0 0 0 0 0 0 0 1 0 0 0 0 0 0 2 0 0 0 0 0 0 0 0 0 0 0 0 0 0 0 0 0 0 0 0 0 0 0 0 0 0 0 0 0 0 0 0 0 0 0 0 0 0 0 0 0 0 0 0 0 0 0 0 0 0 0 0 0 0 0 0 0 0 0 0 0 0 0 0 0 0 0 0 0 1 0 0 0 0 0 0 0 0 2 1 4 1 2 0 0 0 0 0 0 1 1 0 0 0 0 0 0 0 0 0 0 0 0 0 0 0 0 0 0 0 0 0 0 0 0 0 0 0 0 0 0 0 0 5 4 3 9 4 0 0 0 1 4 9 18 11 5 0 0 0 0 1 0 5 1 0 0 0 0 0 0 0 0 1 0 0 0 0 0 0 0 0 0 0 0 0 0 0 0 0 0 0 0 0 0 0 1 1 1 5 0 3 1 0 0 1 1 1 1 1 3 0 0 0 0 0 0 0 0 0 0 0 0 0 0 0 0 0 0 0 0 0 0 0 0 0 0 0 0 0 0 0 0 0 0 0 0 0 0 0 0 0 0 0 0 0 0 0 0 0 0 0 0 0 0 0 0 0 0 0 0 0 0 0 0 0 0 0 0 0 0 0 0 0 0 0 0 0 0 0 0 0 0 0 0 0 0 0 0 0 0 0 0 0 0 0 0 0 0 0 0 0 0 0 0 0 0 0 0 0 0 0 0 0 0 0 0 0 0 0 0 0 0 0 0 0 0 0 0 0 0 0 0 0 0 0 0 0 0 0 0 0 0 0 0 0 0 0 0 0 2 0 1 2 0 0 0 0 3 3 8 1 3 0 0 0 0 1 1 2 2 0 0 0 0 0 0 0 0 1 0 0 0 0 0 0 0 0 0 0 0 0 0 0 0 0 0 0 0 0 0 1 4 6 11 13 12 8 1 0 2 1 21 34 51 34 11 0 0 0 0 0 5 8 1 1 0 0 0 0 0 0 0 0 0 0 0 0 0 0 0 0 0 0 0 0 0 0 0 0 0 0 0 0 0 1 2 4 2 3 2 0 0 1 0 1 4 4 6 2 7 0 0 0 0 1 0 4 1 1 0 0 0 0 0 0 0 0 0 0 0 0 0 2 0 0 0 0 0 0 0 0 1 0 0 0 0 0 0 0 0 0 0 0 0 0 0 0 0 0 0 0 0 0 0 0 0 0 0 0 0 0 0 0 0 0 0 0 0 0 0 0 0 0 0 0 0 0 0 0 0 0 0 0 0 0 0 0 0 0 0 0 0 0 0 0 0 0 0 0 0 0 0 0 0 0 0 0 0 0 0 0 0 0 0 0 0 0 0 0 0 0 0 0 0 0 0 0 0 0 0 0 0 1 2 0 0 0 0 0 1 1 1 0 0 0 0 1 3 7 5 7 10 11 1 0 1 3 25 36 64 53 18 2 0 0 1 6 12 30 13 5 0 0 0 0 3 4 7 1 0 0 0 0 1 2 1 3 0 1 0 0 0 0 3 2 0 1 0 0 0 11 8 93 90 114 85 82 11 6 1 10 130 308 535 274 102 9 0 0 1 19 31 94 42 10 0 0 0 0 3 6 8 6 1 0 0 0 0 3 3 4 1 0 0 0 0 0 1 0 0 0 0 0 0 4 7 23 13 21 31 18 6 4 0 4 26 42 67 51 35 4 0 0 1 10 11 32 14 6 0 0 0 0 1 2 3 0 0 0 0 1 1 3 0 1 1 0 0 0 0 0 0 0 1 0 0 0 0 0 0 0 1 0 0 0 0 0 0 0 0 0 0 0 0 0 0 0 0 0 0 0 0 0 0 0 0 0 0 0 0 0 0 0 0 0 0 0 0 0 0 0 0 0 0 0 0 0 0 0 0 0 0 0 0 0 0 0 0 0 0 0 0 0 0 0 0 0 0 0 0 0 0 0 0 1 0 0 0 0 0 0 0 0 0 0 0 0 0 0 1 0 0 0 0 0 0 0 0 0 0 0 0 1 0 0 0 0 7 8 8 15 7 9 2 2 0 2 42 97 194 100 43 2 1 0 2 16 23 78 31 8 1 1 0 1 1 9 23 10 2 0 0 0 0 3 5 10 8 0 0 0 0 0 5 5 7 0 0 0 0 10 31 161 236 300 217 147 26 8 0 14 244 959 1826 936 245 6 0 0 1 26 131 308 103 25 0 0 0 0 5 16 35 7 5 0 0 0 0 0 8 20 5 2 0 0 0 0 0 1 2 0 0 0 0 1 7 55 42 47 33 23 9 8 2 3 50 144 267 130 49 6 3 0 1 13 16 79 33 15 0 0 0 0 6 5 12 1 2 0 0 0 0 3 6 11 2 0 0 0 0 0 0 1 2 2 1 0 0 0 0 0 0 0 0 0 0 0 0 0 0 0 0 0 0 0 0 0 0 0 0 0 1 1 0 0 0 0 0 0 0 0 0 0 0 0 0 0 0 2 0 0 0 0 0 0 0 0 0 0 0 0 0 0 0 0 0 0 0 0 0 0 0 0 0 0 0 0 0 0 0 0 0 0 0 0 0 0 0 0 0 0 0 1 1 0 0 0 0 0 0 0 0 0 1 0 0 0 0 0 0 0 0 0 0 0 0 1 3 21 15 22 24 27 4 1 0 6 97 189 463 214 88 6 2 0 1 31 53 234 66 13 0 0 0 1 10 19 73 21 5 0 0 0 1 2 14 57 5 4 0 0 0 0 1 5 29 2 1 0 0 13 61 280 476 761 499 259 51 13 6 31 371 1990 5405 1944 378 23 3 0 0 83 220 939 213 50 0 0 0 0 23 36 166 28 11 0 0 0 0 1 27 101 17 0 0 0 0 0 0 5 24 3 0 1 0 13 10 75 71 88 46 64 23 18 4 14 97 291 655 295 104 4 3 0 4 63 57 220 62 23 0 0 0 1 13 14 78 13 3 0 0 0 1 0 11 68 11 4 0 0 0 0 0 1 11 1 0 1 0 0 0 0 0 0 0 0 0 0 0 0 1 0 0 0 0 0 0 0 0 1 0 1 0 0 0 0 0 0 0 0 0 0 0 0 0 0 0 0 0 0 1 0 0 0 0 0 0 0 0 0 0 0 0 0 0 0 0 0 0 0 0 0 0 0 0 0 0 0 0 0 0 0 0 0 0 0 0 0 0 0 0 0 0 0 0 0 0 0 0 0 0 0 1 1 0 0 0 0 0 0 0 0 2 0 0 0 0 1 2 17 9 11 5 11 3 2 2 5 45 114 196 103 38 5 0 0 0 11 42 98 30 11 0 0 0 0 2 4 16 3 1 0 0 0 0 1 2 5 9 1 0 0 0 0 0 1 6 0 0 0 0 7 27 168 226 310 202 130 17 9 0 9 257 920 1784 931 246 10 4 0 2 31 103 321 101 15 1 0 0 0 6 10 40 17 1 0 0 0 0 1 7 17 7 3 0 0 0 0 1 0 4 6 0 0 0 7 9 37 27 49 36 37 10 8 1 5 55 124 284 137 42 12 0 0 2 19 28 75 37 11 0 0 0 0 2 5 16 3 0 0 0 0 0 2 4 11 8 2 0 0 0 0 0 0 2 1 0 0 0 0 0 0 0 0 0 0 0 0 0 0 0 0 0 1 0 0 0 0 0 0 0 0 0 0 0 1 0 0 0 0 0 0 0 0 0 0 0 0 0 0 0 0 0 0 0 0 0 0 0 0 0 0 0 0 0 0 0 0 0 0 0 0 0 0 0 0 0 0 0 0 0 0 0 0 1 1 0 0 0 0 0 0 0 0 0 0 0 0 0 0 0 0 0 0 0 2 0 0 0 0 0 0 0 0 0 0 0 1 4 4 0 8 3 2 0 1 1 4 22 31 62 31 21 2 0 0 0 9 18 38 21 6 0 1 1 0 1 3 6 2 1 2 0 0 0 0 1 2 1 4 0 0 0 0 0 0 0 0 2 0 0 8 13 63 89 113 86 66 6 4 2 8 119 296 473 277 96 6 0 0 0 10 42 86 39 9 0 0 0 0 2 9 12 1 4 0 0 0 0 2 2 4 1 2 1 0 0 0 1 2 0 1 0 0 0 4 9 25 13 23 18 19 5 2 2 2 32 41 55 44 24 0 2 0 0 6 14 21 12 6 0 0 0 0 0 0 2 2 1 1 0 0 0 0 1 1 0 1 0 0 0 0 0 0 1 0 0 0 0 0 0 0 0 0 0 0 0 0 0 0 0 0 0 0 0 0 0 0 0 0 0 0 0 0 0 0 0 0 0 0 0 0 0 0 0 0 0 0 0 0 0 0 0 0 0 0 0 0 0 0 0 0 0 0 0 0 0 0 0 0 0 0 0 0 0 0 0 0 0 0 0 0 0 0 0 0 0 0 0 0 0 0 0 0 0 0 0 0 1 0 0 0 0 0 0 0 0 0 0 0 0 0 1 0 0 0 0 0 0 1 0 1 0 0 0 0 0 1 3 3 4 0 1 0 0 0 0 0 2 3 0 0 0 0 0 0 0 0 0 0 0 0 0 0 0 0 0 0 1 0 0 0 0 0 0 0 0 0 0 0 0 0 1 6 10 7 9 8 2 1 0 0 5 17 39 22 11 0 0 0 0 0 4 8 5 2 0 0 0 1 0 0 1 0 0 0 0 0 0 0 0 0 0 0 0 0 0 0 0 0 0 0 0 1 0 0 1 2 0 3 0 3 1 1 0 0 4 6 4 7 0 0 0 0 0 1 0 0 0 0 1 0 0 0 0 0 0 0 0 0 0 0 0 0 0 1 0 1 0 0 0 0 0 0 0 0 0 0 0 0 0 0 0 0 0 0 0 0 0 0 0 0 0 0 0 0 0 1 0 0 0 0 0 0 0 0 0 0 0 0 0 0 0 0 0 0 0 0 0 0 0 0 0 0 0 0 0 0 0 0 0 0 0 0 0 0 0 0 0 0 0 0 0 0 0 0 0 0 0 0 0 0 0 0 0 0 0 0 0 0 0 0 0 0 0 0 0 0 0 0 0 0 0 0 0 0 0 0 0 0 0 0 0 0 0 0 0 0 0 0 0 0 0 0 0 0 0 0 1 2 3 1 0 0 0 0 0 1 0 1 0 0 0 0 0 0 0 0 1 0 0 0 0 0 0 0 0 0 0 0 0 0 0 0 0 0 0 0 0 0 0 1 0 1 2 5 5 2 0 1 1 0 2 5 15 6 2 0 0 0 0 1 0 2 0 1 0 0 0 0 0 0 0 0 0 0 0 0 0 0 0 0 0 0 0 0 0 0 0 0 0 0 0 0 0 0 1 0 1 1 0 1 0 0 0 1 0 2 1 1 0 0 0 0 0 0 0 2 1 0 0 0 0 0 0 0 0 0 0 0 0 0 0 0 0 1 0 0 0 0 0 0 0 0 0 0 0 0 0 0 0 0 0 0 0 0 0 0 0 0 0 0 0 0 0 0 0 0 0 0 0 0 0 0 0 0 0 0 0 0 0 0 0 0 0 0 0 0 0 0 0 0 0 0 0 0 0 0 0 0 0 0 0 2 90 54 3 2 16 13 2 1 0 0 0 1 0 2 0 0 0 0 0 7 169 142 19 5 30 44 17 0 0 0 0 0 0 0 0 0 0 0 0 1 8 9 3 0 9 7 4 0 0 2 0 0 0 0 0 0 0 0 0 0 0 0 0 0 0 0 1 0 2 0 0 0 0 0 0 0 0 0 0 0 0 0 0 0 0 0 0 0 0 0 0 0 0 0 0 0 0 0 0 0 0 0 0 0 0 0 0 0 0 0 0 0 0 0 0 0 0 0 0 3 150 147 29 9 42 42 18 0 0 0 0 0 0 0 0 0 0 0 0 28 658 489 158 11 82 146 86 0 0 0 2 0 0 0 0 0 0 0 0 2 22 35 19 2 11 22 31 0 1 1 1 0 0 0 0 0 0 0 0 0 0 1 1 1 1 0 9 0 0 0 2 0 0 0 0 0 0 0 0 0 0 0 0 0 0 0 0 0 0 0 0 0 0 0 0 0 0 0 0 0 0 0 0 0 0 0 0 0 0 0 0 0 0 0 0 0 0 0 0 0 2 12 4 2 5 6 12 0 0 0 0 0 0 0 0 0 0 0 0 2 25 25 19 0 14 19 27 0 0 0 2 0 0 0 0 0 0 0 0 0 4 2 1 0 2 2 9 0 0 1 3 0 0 0 0 0 0 0 0 0 0 0 0 0 0 1 3 0 1 0 2 0 0 0 0 0 0 0 0 0 0 0 0 0 0 0 0 0 0 0 1 0 0 0 0 0 0 0 0 0 0 0 0 0 0 0 0 0 0 0 0 0 0 0 0 0 0 0 0 0 0 0 0 0 0 0 0 0 0 0 0 0 0 0 0 0 0 0 0 0 1 1 2 0 0 1 8 0 0 1 2 0 0 0 0 0 0 0 0 0 0 0 0 0 0 0 0 0 1 0 2 0 0 0 0 0 0 0 0 1 0 0 0 1 0 0 0 0 0 0 0 0 3 2 0 0 0 0 0 0 0 0 0 0 1 0 0 0 0 0 1 0 0 0 0 0 0 0 0 0 0 0 0 0 0 0 0 0 0 0 0 0 0 0 0 0 0 0 0 0 0 0 0 0 0 0 0 0 0 0 0 0 0 0 0 0 0 0 0 0 0 0 0 0 0 0 0 0 0 0 0 0 0 0 0 0 0 0 0 0 0 0 0 0 0 0 0 0 0 0 0 0 0 0 0 0 0 0 0 0 0 0 0 0 0 0 0 1 1 0 0 0 0 0 0 0 0 0 0 0 0 0 0 1 0 1 1 1 4 3 1 0 5 2 2 1 1 2 0 0 0 0 0 0 0 0 0 0 0 0 1 0 1 0 1 0 0 0 0 0 0 0 0 0 0 0 0 0 0 0 0 0 0 0 0 0 0 0 0 0 0 0 0 0 0 0 0 0 0 0 0 0 0 0 0 0 0 0 0 0 0 0 0 0 0 0 0 0 0 0 0 0 0 0 0 0 0 0 0 0 0 0 0 0 0 0 0 0 0 0 0 0 0 0 0 0 0 0 0 0 0 0 0 0 0 0 0 0 1 0 0 2 1 2 0 0 0 0 1 0 0 0 0 0 0 0 0 0 0 0 0 0 3 1 1 0 0 2 2 6 77 37 6 2 23 15 3 0 1 0 0 0 1 0 0 0 0 0 0 11 131 111 19 6 54 39 11 0 0 0 0 0 0 0 0 0 0 0 0 0 7 5 6 0 5 4 4 0 0 0 0 0 0 0 0 0 0 0 0 0 0 0 0 0 1 1 3 0 0 0 1 0 0 0 1 0 0 0 0 0 0 0 0 0 0 0 0 0 0 0 0 0 0 0 0 0 0 0 0 0 0 0 0 0 0 0 0 0 0 0 0 0 0 0 0 0 0 0 1 9 142 114 25 2 39 37 9 0 0 0 0 0 0 0 0 0 0 0 0 48 451 371 132 10 113 116 82 0 0 0 0 0 0 0 0 0 0 0 0 1 27 28 19 2 11 28 30 1 1 0 4 0 0 0 0 0 0 0 0 0 1 0 1 1 2 3 3 0 1 0 1 0 0 0 0 0 0 0 0 0 0 0 1 0 0 0 0 0 0 0 0 0 0 0 0 0 0 0 0 0 0 0 0 0 0 0 0 0 0 0 0 0 0 0 0 0 0 0 0 0 6 5 7 1 2 6 3 0 0 0 0 0 0 0 0 0 0 0 0 2 23 42 11 2 13 21 18 0 2 0 6 0 0 0 0 0 0 0 0 1 1 4 1 0 1 3 9 0 3 1 2 0 1 0 0 0 0 0 0 1 1 0 3 0 1 0 1 0 1 0 1 0 0 0 0 0 0 0 0 0 0 0 0 0 1 0 0 0 0 1 0 0 0 0 0 0 0 0 0 0 0 0 0 0 0 0 0 0 0 0 0 0 0 0 0 0 0 0 0 0 2 0 0 0 0 0 1 0 0 0 1 0 0 0 0 0 0 0 0 0 1 0 1 0 0 3 6 0 0 0 5 0 0 0 0 0 0 0 0 0 0 0 0 0 0 0 2 0 0 3 0 0 0 0 0 0 0 0 0 0 0 0 2 0 0 0 0 0 1 1 0 0 2 1 2 0 0 0 0 0 0 0 0 0 0 0 0 0 0 0 1 1 0 0 1 0 1 0 0 0 0 0 0 0 0 0 0 0 0 0 0 0 0 0 0 0 0 0 0 0 0 0 0 0 0 0 0 0 0 0 0 0 0 0 0 0 0 0 0 0 0 0 0 0 0 0 0 0 0 0 0 0 0 0 0 0 0 0 0 0 0 0 0 0 0 0 0 0 0 0 1 0 0 0 0 0 0 0 0 0 0 0 0 0 1 0 0 0 0 0 0 1 0 0 0 0 0 0 0 0 0 0 0 0 0 0 0 0 0 0 1 1 1 2 2 0 3 0 1 0 0 0 0 0 0 0 0 0 0 0 0 0 1 1 1 0 0 0 0 0 0 0 0 0 0 0 0 0 0 0 0 0 0 0 0 0 0 0 0 0 0 0 0 0 0 0 0 0 0 0 0 0 0 0 0 0 0 0 0 0 0 0 0 0 0 0 0 0 0 0 0 0 0 0 0 0 0 0 0 0 0 0 0 0 0 0 0 0 0 0 0 0 0 0 0 0 0 0 0 0 0 0 0 0 0 0 1 0 0 0 0 1 0 1 0 0 0 0 0 0 0 0 0 0 0 0 0 0 0 0 0 1 3 0 2 0 0 0 0 10 61 43 5 0 20 13 1 0 0 0 0 0 0 0 0 0 0 0 1 17 141 94 32 9 40 44 14 0 0 0 0 0 0 0 0 0 0 0 0 0 6 6 7 1 9 11 9 0 0 3 0 0 0 0 0 0 0 0 0 0 1 0 0 1 1 0 2 0 0 1 0 0 0 0 0 0 0 0 0 0 0 0 0 0 0 0 0 0 0 0 0 0 0 0 0 0 0 0 0 0 0 0 0 0 0 0 0 0 0 0 0 0 0 0 0 0 0 0 0 11 126 98 20 5 51 45 13 0 0 0 0 0 0 0 0 0 0 0 0 59 409 359 103 21 148 130 79 0 1 0 2 0 0 0 0 0 0 0 0 3 35 36 25 7 30 37 48 1 1 1 6 0 0 0 0 0 0 0 0 0 0 2 1 0 2 1 3 0 0 0 4 0 0 0 0 0 0 0 0 0 0 0 0 0 0 0 0 0 0 0 0 0 0 0 0 0 0 0 0 0 0 0 0 0 0 0 0 0 0 0 0 0 0 0 0 0 0 0 0 0 4 8 2 1 4 5 5 0 1 2 3 0 0 0 0 0 0 0 0 1 32 30 26 3 15 26 36 0 0 3 2 0 0 0 0 0 0 0 0 1 1 3 2 0 3 5 9 0 0 1 4 0 0 0 0 0 0 0 0 0 0 2 1 0 0 1 3 1 0 2 2 0 0 0 0 0 0 0 0 0 0 0 0 0 0 0 0 0 0 0 1 0 0 0 0 0 0 0 0 0 0 0 0 0 0 0 0 0 0 0 0 0 0 0 0 0 0 0 0 0 0 0 0 0 0 1 2 0 0 1 0 0 0 0 0 0 0 0 0 0 0 1 0 0 0 2 4 0 0 1 3 0 0 1 0 0 0 0 0 0 0 0 1 0 1 0 0 0 0 0 5 0 0 0 0 0 0 0 0 0 0 0 1 1 0 0 1 1 1 0 2 0 1 0 0 0 1 0 0 0 0 0 0 0 0 0 0 0 1 0 1 0 0 0 0 0 0 0 0 0 0 0 0 0 0 0 0 0 0 0 0 0 0 0 0 0 0 0 0 0 0 1 0 0 0 0 0 0 0 1 0 0 0 0 0 0 0 0 1 0 0 0 0 0 0 0 0 0 0 1 0 0 0 0 0 0 0 0 0 0 0 0 0 0 0 0 0 0 0 1 0 0 0 0 0 0 0 0 0 0 0 0 1 0 0 0 0 0 0 0 2 0 0 0 1 1 0 0 0 0 0 0 0 0 0 0 0 0 1 0 6 0 2 1 0 2 0 0 1 0 0 0 0 0 0 1 0 0 1 0 0 0 2 3 1 0 0 1 0 0 0 0 0 0 0 0 0 0 0 0 0 0 0 0 0 0 0 0 0 0 0 0 0 0 0 0 0 0 0 0 0 0 0 0 0 0 0 0 0 0 0 0 0 0 0 0 0 0 0 0 0 0 0 0 0 0 0 0 0 0 0 0 0 0 0 0 0 0 0 0 0 0 0 0 0 0 0 0 0 0 0 0 0 0 0 0 0 0 0 0 0 0 1 1 0 1 0 0 1 0 0 0 0 0 0 0 0 0 0 0 0 1 2 0 1 1 0 0 0 14 82 54 5 3 21 21 2 0 0 1 0 0 1 0 0 0 0 0 0 25 177 118 23 12 78 47 21 0 0 0 0 0 0 0 0 0 0 0 0 1 9 14 3 1 12 18 15 0 1 1 2 0 0 0 0 0 0 0 0 0 0 0 0 0 0 1 3 0 1 0 1 0 0 0 0 0 0 0 0 0 0 0 0 0 0 0 0 0 0 0 0 0 0 0 0 0 0 0 0 0 0 0 0 0 0 0 0 0 0 0 0 0 0 0 0 0 0 0 0 20 180 84 21 7 62 47 14 0 0 0 0 0 0 0 0 0 0 0 0 131 667 558 153 38 225 211 122 0 1 2 5 0 0 0 0 0 0 0 0 15 60 62 43 10 61 76 100 0 1 5 11 0 0 0 0 0 0 0 0 0 0 2 1 0 6 3 10 0 0 3 3 0 0 0 0 0 0 0 0 0 0 0 0 0 0 0 0 1 0 0 0 0 0 0 0 0 0 0 0 0 0 0 0 0 0 0 0 0 0 0 0 0 0 0 0 0 0 0 0 0 9 7 3 1 6 8 8 0 0 2 2 0 0 0 0 0 0 0 0 6 46 35 23 7 49 45 48 1 0 1 3 0 1 0 0 0 0 0 0 0 3 5 6 2 7 12 16 0 1 4 8 0 0 0 0 0 0 0 0 0 0 0 0 0 0 1 3 0 2 1 4 0 1 0 0 0 0 0 0 0 0 0 0 0 0 0 0 0 0 1 1 0 0 0 0 0 0 0 0 0 0 0 0 0 0 0 0 0 0 0 0 0 0 0 0 0 0 0 0 0 0 1 0 0 2 2 0 0 2 0 0 0 0 0 0 0 0 0 0 0 1 0 2 1 5 0 5 0 2 1 3 0 0 0 0 0 0 0 0 0 0 0 0 0 1 2 3 0 0 1 8 0 0 0 0 0 0 0 1 0 0 0 0 0 0 0 0 0 0 2 2 0 1 0 2 1 1 0 0 0 0 0 0 0 0 0 0 0 0 0 0 0 0 0 0 2 0 0 1 0 0 0 0 0 0 0 0 0 0 0 0 0 0 0 0 0 0 0 0 0 0 0 1 0 0 0 0 0 0 0 0 0 0 0 0 0 0 0 0 0 0 1 0 0 0 0 0 0 0 0 0 0 0 0 0 0 0 0 0 0 0 0 0 0 0 0 0 0 0 0 1 0 0 0 1 0 0 0 0 0 0 0 0 0 0 0 0 0 0 0 2 0 0 0 1 1 0 0 1 0 0 0 0 0 0 0 0 0 1 0 1 0 1 4 2 0 3 0 0 0 0 0 0 0 0 0 0 0 0 0 1 0 0 0 0 1 1 0 0 0 0 0 0 0 0 0 0 0 0 0 0 0 0 0 0 0 0 0 0 0 0 0 0 0 0 0 0 0 0 0 0 0 0 0 0 0 0 0 0 0 0 0 0 0 0 0 0 0 0 0 0 0 0 0 0 0 0 0 0 0 0 0 0 0 0 0 0 0 0 0 0 0 0 0 0 0 0 0 0 0 0 0 0 0 0 0 0 0 1 0 0 0 0 2 0 0 0 0 0 0 0 0 0 0 0 1 0 0 0 0 0 1 0 0 0 0 0 0 0 13 116 52 8 5 39 25 2 0 0 1 0 0 0 1 0 0 0 0 0 31 236 166 41 21 140 101 22 0 1 0 0 0 0 0 0 0 0 0 0 4 20 20 7 8 43 40 44 1 1 0 5 0 0 0 0 0 0 0 0 0 0 4 1 0 2 3 3 0 0 0 1 0 0 0 0 0 0 0 0 0 0 0 0 0 1 0 0 0 0 0 1 0 0 0 0 0 0 0 0 0 0 0 0 0 0 0 0 0 0 0 0 0 0 0 0 0 0 0 0 40 232 129 28 19 106 75 15 0 0 0 1 0 0 0 0 0 0 0 0 215 1225 838 282 77 435 392 230 0 3 6 3 0 0 0 0 0 0 0 0 22 137 125 67 26 168 196 251 3 12 10 24 0 0 0 0 0 0 0 0 1 3 5 4 2 9 17 19 2 7 8 23 0 0 0 0 0 0 0 0 0 0 1 0 0 1 0 0 0 0 0 2 0 0 0 0 0 0 1 0 0 0 0 0 0 0 0 0 0 0 0 0 0 0 0 0 0 0 0 0 0 7 8 5 4 34 28 26 0 0 0 4 0 0 0 0 0 0 0 0 18 74 56 38 23 113 111 122 0 4 6 2 0 0 0 0 0 0 0 0 2 4 4 8 2 15 20 38 2 11 18 18 0 0 0 0 0 0 0 0 0 1 0 1 0 0 1 2 1 4 5 13 0 0 0 0 0 0 0 0 0 1 0 0 0 0 0 1 0 0 0 2 0 0 0 0 0 0 0 0 0 0 0 0 0 0 0 0 0 0 0 0 0 0 0 0 0 0 0 0 0 0 3 1 1 0 2 3 0 0 0 0 0 0 0 0 0 0 0 0 0 1 1 3 3 9 21 21 1 3 4 11 0 0 0 0 0 0 0 0 0 0 0 1 0 1 1 0 1 1 7 16 0 0 0 0 0 0 0 0 0 0 0 0 0 0 0 0 0 0 4 4 0 0 1 0 0 0 0 0 0 0 0 0 0 0 0 0 0 0 0 4 0 0 1 0 0 1 0 1 0 0 0 0 0 0 0 0 0 0 0 0 0 0 0 0 0 0 0 0 0 0 0 0 0 0 0 0 0 0 0 0 0 1 0 0 0 0 0 0 0 0 0 0 0 0 0 0 0 0 0 0 0 0 0 0 0 0 0 0 0 0 0 0 0 0 1 0 0 1 0 1 0 0 0 0 0 0 0 0 0 0 0 0 0 1 0 0 0 0 0 0 0 0 0 1 0 0 0 1 0 0 0 0 0 0 0 0 0 3 2 0 1 0 2 2 3 3 0 0 0 0 0 0 0 0 0 0 0 0 1 0 0 0 0 0 0 0 0 0 0 0 0 0 0 1 0 0 0 0 0 0 0 0 0 0 0 0 0 0 0 1 0 0 0 0 0 1 0 0 0 0 0 0 0 0 0 0 0 0 0 0 0 0 0 0 0 0 0 0 0 0 0 0 0 0 0 0 0 0 0 0 0 0 0 0 0 0 0 0 0 1 0 0 0 1 1 0 0 0 0 0 0 0 0 0 0 0 0 1 0 1 0 0 1 1 0 0 0 1 0 0 0 0 0 0 0 0 0 0 0 1 0 2 0 2 0 0 0 1 15 86 66 9 9 40 25 4 0 0 0 0 0 0 1 0 0 0 0 0 43 242 170 47 21 148 96 34 0 1 1 0 0 0 0 0 0 0 0 0 4 23 18 7 7 62 55 51 2 0 1 2 0 1 0 0 0 0 0 0 0 1 5 1 1 5 5 2 1 0 0 2 0 0 0 0 0 0 0 0 0 0 0 0 0 0 0 0 0 0 0 0 0 0 0 0 0 0 0 0 0 0 0 0 0 0 0 0 0 0 0 0 0 0 0 0 0 0 0 0 30 152 134 25 20 115 88 30 0 0 0 0 0 0 0 0 0 0 0 0 239 1166 817 283 96 505 480 307 1 5 1 15 0 0 0 0 0 0 0 0 27 177 142 84 40 220 250 294 1 11 12 34 0 0 0 0 0 0 0 0 0 3 3 1 4 24 20 33 0 6 8 20 0 0 0 0 0 0 0 0 0 0 0 0 1 0 0 0 0 0 4 1 0 0 0 0 0 0 0 0 0 0 0 0 0 0 0 0 0 0 0 0 0 0 0 0 0 0 0 0 1 5 9 5 8 50 35 17 0 0 2 4 0 0 0 0 0 0 0 0 16 59 55 33 13 163 161 155 1 8 6 16 0 0 0 0 0 0 0 0 3 2 7 8 4 35 20 48 0 12 20 38 1 0 0 1 0 0 0 0 1 1 0 1 2 0 2 5 1 12 4 26 0 0 0 0 0 0 0 0 0 0 0 0 0 0 0 0 1 1 0 4 0 0 0 0 0 0 0 0 0 0 0 0 0 0 0 0 0 0 0 0 0 0 0 0 0 0 0 0 0 1 1 0 1 2 6 5 0 0 1 1 0 0 0 1 0 0 0 0 0 0 4 3 1 14 15 21 0 8 2 10 0 0 0 0 0 0 0 0 0 0 0 0 0 2 1 5 0 5 6 13 0 1 0 2 0 0 0 0 0 0 0 2 0 0 0 0 0 4 3 9 0 0 0 0 0 0 0 1 0 0 0 0 0 0 0 1 0 3 1 2 0 1 1 1 0 1 1 0 0 0 0 0 0 0 0 0 0 0 0 0 0 0 0 0 0 0 0 0 0 1 0 1 0 0 0 0 0 0 0 0 0 0 0 0 0 0 0 0 0 0 0 0 0 0 1 1 0 1 0 1 0 0 0 0 0 0 0 0 0 0 0 0 0 0 0 0 0 1 1 1 0 0 0 0 0 0 0 0 0 0 0 1 0 0 0 0 1 1 0 2 0 0 1 1 2 1 0 0 0 0 0 0 0 0 0 0 0 0 2 0 1 0 0 1 2 1 3 2 0 0 0 0 0 0 0 0 0 0 0 0 1 0 1 3 0 0 0 0 0 0 0 0 0 0 0 0 0 0 0 0 0 0 0 0 0 0 0 0 0 0 0 0 0 0 0 0 0 0 0 0 0 0 0 0 0 0 0 0 0 0 0 0 0 0 0 0 0 0 0 0 0 0 0 0 0 0 0 0 0 0 0 0 0 0 0 0 0 0 0 0 0 0 0 0 0 0 0 0 0 0 0 0 0 0 0 0 0 1 0 0 0 1 1 1 0 0 0 0 0 0 0 0 0 0 0 0 0 0 0 0 1 3 3 1 0 0 0 0 18 71 51 6 8 33 21 4 0 0 1 0 0 0 0 0 0 0 0 0 34 168 128 28 16 107 98 21 0 0 0 1 0 0 0 0 0 0 0 0 5 23 19 17 1 42 51 36 0 3 3 4 0 0 0 0 0 0 0 0 1 0 2 0 1 3 3 4 0 1 2 1 0 0 0 0 0 0 0 0 0 0 0 0 0 0 0 0 0 0 0 0 0 0 0 0 0 0 0 0 0 0 0 0 0 0 0 0 0 0 0 0 0 0 0 0 0 0 0 0 27 146 87 16 14 90 69 19 0 0 0 0 0 0 0 0 0 0 0 0 111 575 456 183 73 320 352 174 1 4 4 5 0 0 0 0 0 0 0 0 13 98 95 42 32 163 152 159 0 13 7 15 0 0 0 2 0 0 0 0 0 3 1 2 4 11 14 18 2 5 4 15 0 0 0 1 0 0 0 0 0 0 0 0 0 0 0 1 0 2 0 2 0 0 0 0 0 0 0 0 0 0 0 1 0 0 0 0 0 0 0 0 0 0 0 0 0 0 0 0 2 8 8 9 11 22 31 17 0 5 1 2 0 0 0 0 0 0 0 0 6 40 35 23 13 107 107 101 2 6 4 13 0 0 0 0 0 0 0 0 0 2 3 2 2 16 15 32 3 5 10 12 0 0 0 1 0 0 0 0 0 0 0 0 1 2 1 4 0 5 8 9 0 0 0 1 0 0 0 0 0 0 0 0 0 0 0 0 0 1 0 2 0 0 0 1 0 0 0 0 0 0 0 0 0 0 0 0 0 0 0 0 0 0 0 0 0 0 0 0 0 1 0 0 1 1 1 4 0 1 0 1 0 0 0 0 0 0 0 0 0 0 0 2 3 12 17 17 0 7 7 6 0 0 0 0 0 0 0 0 0 0 0 0 1 3 5 2 0 1 3 5 0 0 0 1 0 0 0 0 0 0 0 0 0 0 0 0 0 0 4 7 0 0 0 0 0 0 0 0 0 0 0 0 0 0 0 1 0 0 0 5 0 0 0 1 0 0 0 1 0 0 0 0 0 0 0 0 0 0 0 0 0 0 0 0 0 0 0 0 0 0 0 0 0 1 0 0 0 0 0 0 0 0 0 0 0 0 0 0 0 0 0 0 0 0 0 0 0 1 0 2 0 0 0 0 0 0 0 0 0 0 0 0 0 0 0 0 0 0 1 2 0 0 0 0 0 0 0 0 0 0 0 0 0 0 0 1 0 0 0 1 0 0 1 1 0 0 0 0 0 0 0 0 0 0 0 0 0 2 1 1 0 2 1 1 1 4 0 0 0 0 0 0 0 0 0 0 0 0 0 0 0 0 0 1 0 0 0 0 0 0 0 0 0 0 0 0 0 0 0 0 0 0 0 0 0 0 0 0 0 0 0 0 0 0 0 0 0 0 0 0 0 0 0 0 0 0 0 0 0 0 0 0 0 0 0 0 0 0 0 0 0 0 0 0 0 0 0 0 0 0 0 0 0 0 0 0 0 0 0 0 0 0 0 0 0 0 0 1 0 0 0 0 0 0 0 0 0 0 0 0 0 1 0 0 0 0 1 0 0 0 0 0 0 0 0 0 1 0 0 1 0 0 0 0 0 0 0 0 4 68 54 8 4 29 38 6 0 0 1 0 0 0 0 0 0 0 0 0 7 133 103 44 7 75 76 52 0 0 0 1 0 1 0 0 0 0 0 0 1 14 17 14 4 39 33 64 0 1 7 10 0 0 0 0 0 0 0 0 0 1 1 1 0 0 1 5 0 1 0 6 0 0 0 0 0 0 0 1 0 0 0 0 0 0 0 0 0 0 0 0 0 0 0 0 0 0 0 0 0 0 0 0 0 0 0 0 0 0 0 0 0 0 0 0 0 0 0 0 7 97 96 64 10 70 100 46 0 1 0 0 0 0 0 0 0 0 0 0 49 311 290 270 31 253 294 301 0 2 2 3 0 0 0 0 0 0 0 0 4 59 49 50 11 116 124 192 1 14 9 31 0 0 1 0 0 0 0 0 0 3 2 2 1 9 12 32 0 9 8 36 0 0 0 1 0 0 0 0 0 0 1 0 0 0 0 1 0 0 1 5 0 0 0 0 0 0 0 0 0 0 0 0 0 0 0 0 0 0 0 0 0 0 0 0 0 0 0 0 0 7 9 25 1 24 20 38 1 1 1 8 0 0 0 0 0 0 0 0 4 33 37 55 9 79 137 285 1 5 3 26 0 0 0 1 0 0 0 0 0 3 5 5 1 17 21 80 1 9 11 27 0 1 1 3 0 0 0 0 0 0 0 1 0 1 1 8 0 4 7 19 0 1 1 5 0 0 0 0 0 0 0 0 0 0 0 0 0 0 1 6 0 1 0 2 0 0 0 0 0 0 0 0 0 0 0 0 0 0 0 1 0 0 0 0 0 0 0 0 0 0 0 2 0 0 3 1 0 1 1 5 0 0 0 0 0 0 0 0 0 1 1 4 0 7 10 24 0 1 3 19 0 0 0 0 0 0 0 0 0 0 0 2 0 1 0 11 0 3 6 38 0 0 0 2 0 0 0 0 0 0 1 1 1 0 2 2 0 0 2 9 0 2 2 0 0 1 0 1 0 0 0 0 0 0 0 0 0 0 0 2 0 2 1 2 0 1 1 2 0 0 0 0 0 0 0 0 0 0 0 0 0 0 0 0 0 0 1 0 0 1 0 0 0 0 0 0 0 0 0 1 0 0 0 1 0 0 0 0 0 0 0 0 0 0 0 1 0 1 1 0 0 0 0 1 0 0 0 0 0 0 0 0 0 0 0 1 0 1 0 3 0 0 0 0 0 0 0 0 0 0 0 0 0 0 0 0 0 0 1 3 0 2 2 2 1 0 0 0 0 0 0 0 0 0 0 0 0 1 2 1 0 2 3 1 4 4 3 3 0 0 0 0 0 0 0 0 0 0 0 1 0 0 1 1 0 1 0 0 0 0 0 0 0 0 0 0 0 0 0 0 0 0 0 0 0 0 0 0 0 1 0 0 0 0 0 2 0 0 0 0 0 0 0 0 0 0 0 0 0 0 0 0 0 0 0 0 0 0 0 0 0 0 0 0 0 0 0 0 0 0 0 0 0 0 0 0 0 0 1 0 0 0 0 1 1 1 1 0 0 0 0 0 0 0 0 0 0 0 0 1 0 2 0 2 0 4 0 1 0 0 0 0 0 0 0 0 0 0 0 0 0 0 1 0 0 0 0 1 0 0 0 0 0 0 0 0 0 0 0 0 0 0 0 0 0 0 0 0 0 0 1 1 0 0 0 0 0 0 0 0 0 0 0 0 0 0 0 0 0 0 0 0 0 0 0 0 0 0 0 0 0 0 0 0 0 0 0 0 0 0 0 0 0 0 0 0 0 0 0 0 0 0 0 1 0 0 0 2 0 0 0 0 0 0 0 0 0 0 0 0 0 0 0 0 0 0 0 0 0 0 0 0 0 0 0 0 0 0 0 0 0 0 0 0 0 0 0 0 0 0 0 0 0 2 0 0 0 0 0 0 0 0 0 0 0 0 0 0 0 1 0 0 1 1 2 0 0 0 0 0 0 0 0 0 0 0 0 0 0 0 1 1 0 8 1 2 0 1 0 0 0 1 0 0 0 0 0 0 0 0 0 0 0 0 0 0 0 0 2 0 0 0 0 1 0 0 0 0 0 0 0 0 0 0 0 0 0 0 0 0 0 0 0 0 0 0 0 0 0 0 0 0 0 0 0 0 0 0 0 0 0 0 0 0 0 0 0 0 0 0 0 0 0 1 0 1 0 1 0 0 0 0 0 0 0 0 0 0 0 0 0 0 0 2 2 2 0 0 0 1 0 0 0 0 0 0 0 0 0 0 0 0 0 1 1 3 0 0 1 0 0 1 2 0 0 0 0 0 0 0 0 0 0 0 0 1 0 1 1 0 0 0 0 0 0 0 0 0 0 0 0 0 0 0 0 0 0 0 0 0 0 0 0 1 0 0 0 0 0 0 0 0 0 0 0 0 0 0 0 0 0 0 0 0 0 0 0 0 0 0 0 0 0 0 0 0 0 0 0 0 0 0 0 0 0 0 0 0 0 0 0 0 0 0 0 0 0 0 0 0 0 0 0 0 0 0 0 0 0 0 0 0 0 0 0 0 0 0 0 0 0 1 0 0 0 0 0 0 0 0 0 0 0 0 0 0 0 0 0 0 0 1 1 1 1 0 0 2 0 0 0 0 0 0 0 0 0 0 0 0 1 0 0 2 2 2 4 13 0 0 0 0 0 0 0 0 0 0 0 0 0 0 0 0 0 4 3 7 0 0 0 0 0 0 0 0 0 0 0 0 0 0 0 1 0 0 0 0 0 0 0 0 0 0 0 0 0 0 0 0 0 0 0 0 0 0 0 0 0 0 0 0 0 0 0 0 0 0 0 2 0 0 0 3 0 0 0 0 0 0 0 0 0 0 0 0 0 0 0 0 0 0 2 5 1 12 4 19 0 0 0 0 0 0 0 0 0 0 0 0 0 3 2 5 12 39 14 50 0 0 0 0 0 0 0 0 0 0 0 0 0 2 0 4 0 2 3 9 0 0 0 0 0 0 0 0 0 0 0 0 0 0 0 0 0 0 0 0 0 0 0 0 0 0 0 0 0 0 0 0 0 0 0 0 0 0 0 0 0 0 0 0 0 0 0 0 0 0 0 0 0 0 1 0 0 0 0 0 0 0 0 0 0 0 0 0 0 0 0 0 0 0 0 0 1 3 0 10 0 0 0 0 0 0 0 0 0 0 0 0 1 1 1 1 2 4 4 11 0 0 0 0 0 0 0 0 0 0 0 0 0 0 0 2 0 0 2 3 0 1 0 0 0 3 1 0 0 0 0 0 0 0 0 0 0 0 0 0 0 0 0 0 0 3 0 1 0 0 0 0 0 0 1 0 0 0 0 0 0 0 0 0 1 2 3 4 0 0 1 0 0 0 0 0 0 0 0 0 1 0 0 0 0 0 0 1 0 0 0 0 0 0 0 0 0 0 0 0 0 0 0 1 0 0 0 0 0 0 0 0 0 0 0 0 0 0 0 0 0 0 0 0 0 0 0 0 0 0 0 0 0 0 0 0 0 0 0 0 0 0 0 0 1 1 0 0 0 0 0 0 0 0 0 0 0 0 1 0 0 2 1 0 1 6 1 3 0 0 0 0 0 0 0 0 0 0 0 0 0 1 0 0 0 5 2 4 1 2 2 2 0 0 0 0 0 0 0 0 0 0 0 0 0 1 1 5 1 2 1 5 0 0 0 0 0 0 0 0 0 0 0 0 0 0 0 1 0 0 1 3 0 0 0 0 0 0 0 0 0 0 0 0 0 0 0 0 0 0 0 0 0 0 0 0 0 0 0 0 0 0 0 0 0 2 1 0 0 0 1 2 0 0 0 0 0 0 0 0 0 0 0 0 1 7 6 5 0 2 3 3 0 0 0 0 0 0 0 0 0 0 0 0 2 14 9 35 0 3 2 10 0 1 0 0 0 1 0 1 0 0 0 0 0 3 0 7 0 7 1 12 0 0 1 0 0 0 0 0 0 0 0 0 0 0 0 0 0 0 1 5 0 1 1 2 0 0 1 2 0 0 0 0 0 0 0 0 0 0 0 0 0 0 0 0 0 0 0 0 0 0 0 0 0 0 1 1 0 0 0 0 0 0 0 0 0 0 0 0 0 0 0 0 0 2 1 0 0 2 0 2 0 0 0 0 0 0 0 0 0 0 0 0 0 2 3 4 0 1 4 4 0 0 0 0 1 0 0 0 0 0 0 0 0 0 1 0 0 1 2 12 0 1 2 2 2 5 1 4 0 0 0 0 0 0 0 0 0 0 1 5 0 1 1 6 0 4 1 2 0 0 0 0 0 0 0 0 0 0 0 0 0 0 0 1 0 2 0 1 0 0 0 0 0 0 0 0 0 0 0 0 0 0 0 0 0 0 0 0 0 0 0 0 0 0 0 0 1 0 0 0 0 0 0 0 0 0 0 0 0 0 0 0 0 0 0 0 0 1 0 0 0 0 0 3 0 0 0 0 0 0 0 0 0 0 0 2 0 0 1 3 0 1 1 2 2 3 0 6 0 0 0 0 0 0 0 0 0 1 0 1 0 0 3 5 9 17 10 31 0 0 0 0 0 0 0 0 0 0 0 0 1 1 2 2 0 2 2 8 0 0 0 0 0 0 0 0 0 0 0 0 0 0 0 0 0 0 0 0 0 0 0 0 0 0 0 0 0 0 0 0 0 0 0 0 0 0 0 0 0 0 0 0 0 0 0 0 0 0 0 0 0 0 0 0 0 0 1 0 0 0 0 0 0 0 0 1 0 0 0 0 0 0 0 1 0 1 0 0 0 0 0 0 0 0 0 0 0 0 0 0 0 0 0 0 0 1 1 4 0 0 0 0 0 0 0 0 0 0 0 0 0 0 2 2 0 0 0 2 0 0 0 0 0 0 0 0 0 0 0 0 0 0 0 0 0 1 0 0 0 0 0 0 0 0 0 0 0 0 0 1 0 0 0 0 0 0 0 1 0 0 0 0 0 0 0 0 0 0 0 0 0 0 0 0 0 0 0 0 0 0 0 0 0 0 0 0 0 0 0 0 0 0 0 0 0 0 0 0 0 0 0 0 0 0 0 0 0 0 0 0 0 0 0 0 0 0 0 1 0 0 0 0 0 0 0 0 0 0 0 0 0 0 0 0 0 0 0 0 1 0 0 0 0 0 0 0 0 0 0 0 0 0 0 0 0 0 0 0 0 0 0 0 0 0 0 0 0 0 0 0 0 0 0 0 0 0 0 0 1 0 0 1 0 0 0 0 0 0 0 0 0 0 0 0 0 0 0 0 0 0 0 0 0 1 0 0 0 0 1 0 0 0 0 0 0 0 0 0 0 0 0 0 1 3 0 0 0 0 0 1 1 0 2 1 3 4 0 0 0 0 0 0 1 0 1 3 0 0 0 0 0 0 1 2 0 2 0 0 0 0 0 0 0 0 0 1 0 1 0 1 0 0 1 0 1 0 0 0 0 0 0 0 0 0 0 1 0 0 0 0 0 0 0 0 0 0 0 0 0 0 0 0 0 0 0 0 0 0 0 0 0 0 0 0 0 0 0 0 0 0 0 0 0 0 0 0 0 0 0 0 0 0 0 0 0 0 0 0 0 0 0 0 0 0 0 0 0 0 0 0 1 0 0 0 0 0 0 0 0 0 0 0 0 0 0 0 0 0 0 0 0 0 0 0 0 0 0 0 0 0 0 0 0 0 0 0 0 0 0 0 0 0 0 0 0 0 0 0 0 0 0 0 0 0 0 0 0 0 0 0 0 0 0 0 0 0 0 0 0 0 0 0 0 0 0 0 0 0 0 0 0 0 0 0 0 0 0 0 0 0 0 0 0 0 0 0 0 0 0 0 0 0 0 0 0 0 0 0 0 0 0 0 0 0 0 0 0 0 0 0 0 0 0 0 0 0 0 0 0 0 0 0 0 0 0 0 0 0 0 0 0 0 0 0 0 0 0 0 0 0 0 0 0 0 0 0 0 0 0 0 0 0 0 0 0 0 0 0 0 0 0 0 0 0 0 0 0 0 0 0 0 0 0 0 0 0 0 0 0 0 0 0 0 0 0 0 0 0 0 0 0 1 0 0 0 0 0 0 0 0 0 0 0 0 0 0 0 0 0 0 0 0 0 0 0 0 0 0 2 0 0 0 0 0 0 0 0 0 0 0 0 0 0 0 1 0 0 0 0 0 0 0 0 0 0 0 0 0 0 0 0 0 0 0 0 0 0 0 0 0 0 0 0 0 0 0 0 0 0 0 1 2 0 0 0 2 0 0 0 0 0 0 0 0 0 0 0 0 0 0 0 0 0 0 0 0 0 0 0 0 0 0 0 0 0 0 1 0 2 1 1 2 0 2 2 4 0 0 4 2 1 1 4 6 3 18 0 0 0 0 1 3 0 2 2 11 0 0 0 1 0 0 0 0 0 0 1 0 0 0 0 0 0 0 0 0 1 0 0 0 0 0 1 0 1 1 0 0 0 0 1 1 0 1 1 8 0 0 0 1 0 1 0 1 0 8 0 0 0 0 0 0 0 0 0 0 0 0 0 0 0 0 0 0 0 0 0 0 0 0 0 0 0 0 0 1 0 0 0 0 0 0 0 0 1 0 0 0 0 0 0 0 1 0 0 3 0 0 0 0 0 0 0 0 0 0 0 0 0 0 0 0 0 0 0 0 0 0 0 0 0 0 0 0 0 0 0 0 0 0 0 0 0 0 0 0 0 0 0 0 1 0 0 0 2 2 0 0 0 0 0 0 0 0 0 0 0 0 0 0 0 0 0 0 0 0 0 0 0 0 0 0 0 0 0 0 0 0 0 0 0 0 0 0 0 0 0 0 0 0 0 0 0 0 0 0 0 0 0 0 0 0 0 0 0 0 0 0 0 0 0 0 0 0 0 0 0 0 0 0 0 1 0 0 0 0 0 0 0 0 0 0 0 0 0 0 0 0 0 0 0 0 0 0 0 0 0 0 0 0 0 0 0 0 0 0 0 0 0 0 0 0 0 0 0 0 1 0 0 0 0 0 1 0 0 0 0 0 0 0 1 0 0 1 0 1 0 0 0 0 0 0 0 0 0 0 0 0 0 0 0 0 0 0 0 0 0 0 0 0 0 0 0 0 0 0 0 0 0 1 1 0 1 1 1 1 0 0 1 2 2 0 0 3 1 5 0 1 0 0 1 0 0 0 0 1 0 0 0 0 0 0 0 0 0 0 0 0 0 0 0 0 0 0 0 0 0 0 1 1 3 2 1 1 5 1 0 0 2 1 0 3 1 4 6 12 0 0 0 0 1 0 1 0 0 4 0 0 0 0 0 0 0 0 0 0 0 0 0 0 0 0 0 0 0 0 0 0 17 10 14 15 20 20 7 41 0 0 20 15 24 23 23 37 40 196 0 1 4 1 6 1 2 2 6 38 0 0 1 0 0 0 1 0 1 0 1 0 0 0 1 0 1 0 0 2 2 2 1 4 2 4 6 4 3 13 0 0 10 5 4 4 8 7 5 42 0 0 0 1 0 0 0 0 1 4 0 0 0 0 0 0 0 0 0 0 0 0 0 0 0 0 0 0 0 0 1 0 0 1 0 1 1 0 1 1 0 0 1 0 0 1 2 1 4 8 0 0 0 0 2 0 1 0 3 9 0 0 0 1 0 0 0 1 0 0 0 0 0 0 1 0 0 0 0 0 1 0 0 0 0 0 0 0 0 0 0 0 0 1 0 1 0 0 1 0 0 0 0 0 0 0 0 0 1 1 0 0 0 0 0 0 0 0 0 1 0 0 0 0 0 0 0 0 0 0 0 0 0 0 0 0 0 0 0 0 0 0 0 0 1 0 0 0 0 0 0 0 0 0 0 0 1 0 2 0 0 0 0 0 0 0 0 0 0 0 0 0 0 0 0 0 0 0 0 0 0 0 0 0 0 0 1 0 0 0 0 0 0 0 0 1 0 0 1 0 0 0 0 0 0 0 0 0 0 0 0 0 0 0 0 0 0 0 0 0 0 1 0 0 0 0 0 0 0 0 0 0 0 0 0 0 0 0 0 0 0 0 0 0 0 1 0 0 0 0 0 1 0 0 0 0 0 0 0 0 0 0 0 0 0 0 0 0 0 0 0 0 0 0 0 0 0 0 0 0 0 0 5 2 1 1 2 3 2 1 0 0 3 1 4 3 5 2 2 14 0 1 0 3 0 1 0 3 3 6 0 0 0 1 1 0 0 0 0 1 0 0 0 0 0 0 0 0 0 0 0 1 7 14 12 11 10 7 14 8 0 0 0 6 4 11 9 12 7 23 1 0 0 0 2 0 0 3 1 1 0 0 0 0 0 0 0 0 0 0 0 1 0 0 0 0 0 0 0 0 0 0 135 115 139 151 155 160 138 204 0 0 65 67 79 98 116 157 139 351 0 1 3 5 1 6 3 10 9 29 0 0 1 0 1 3 0 1 0 2 2 0 0 1 0 0 1 1 0 1 5 0 25 22 27 34 35 21 35 104 0 0 8 11 13 11 16 15 23 89 0 0 0 1 0 1 1 0 1 6 0 0 0 1 0 0 0 1 0 1 0 0 0 0 0 0 0 0 0 0 0 0 1 4 1 1 4 0 3 14 1 0 0 0 0 3 2 2 6 24 0 0 0 0 0 0 0 1 1 3 0 0 0 0 0 0 0 0 0 0 1 0 0 0 0 0 0 0 0 0 1 0 0 0 0 0 0 0 0 0 0 0 1 0 0 0 1 1 2 6 0 0 0 0 0 1 0 0 0 1 0 0 0 0 0 0 0 0 0 0 0 0 0 0 0 0 0 0 0 0 0 0 0 0 0 0 1 0 0 0 0 0 0 0 0 0 0 0 0 0 0 0 0 0 0 0 0 0 0 0 0 0 0 0 0 0 1 0 0 0 0 0 0 0 0 0 0 0 0 0 0 0 1 2 2 0 0 1 1 0 0 0 0 1 1 3 1 2 0 3 0 6 0 0 0 0 3 1 1 0 0 6 0 1 0 0 0 0 0 0 0 3 0 0 0 0 1 0 0 0 0 2 3 3 1 0 1 6 3 3 0 1 2 4 0 5 9 6 12 11 1 4 1 2 2 0 3 5 2 6 1 5 0 1 0 0 0 0 0 1 0 2 0 0 0 0 0 1 0 0 0 4 14 15 18 31 44 44 52 30 0 0 14 21 31 41 77 126 151 110 5 7 3 2 4 8 14 24 24 30 0 5 1 0 1 0 0 2 1 0 2 6 0 2 1 0 1 0 0 0 1 17 130 113 114 141 187 231 211 121 0 1 61 65 79 107 191 248 241 149 0 1 3 2 5 9 18 28 18 18 0 1 0 2 1 0 0 0 1 1 2 4 0 0 2 1 0 3 0 0 2 2 1754 1356 1252 1989 3453 3391 1805 1063 0 2 404 382 497 926 2243 2714 1474 1026 3 24 16 7 21 41 158 212 84 91 0 6 15 9 4 8 8 10 11 26 27 5 4 2 3 10 6 7 5 22 206 55 101 81 108 142 206 176 146 272 0 1 64 37 62 64 99 107 105 246 1 2 2 3 7 4 5 5 7 16 0 0 2 2 1 0 0 3 0 0 2 1 0 0 0 0 0 0 0 0 5 1 6 8 8 6 7 17 22 54 3 1 12 9 12 14 23 13 23 99 0 1 3 1 1 0 6 6 4 24 0 0 1 1 0 0 0 2 0 4 1 2 0 0 0 0 0 0 0 2 6 2 1 0 0 0 0 0 1 0 0 0 3 1 2 8 6 9 11 43 0 0 0 1 1 1 2 2 2 16 0 0 0 2 0 0 0 1 0 1 0 0 0 0 0 0 0 0 0 0 0 1 0 1 0 0 0 0 0 0 0 0 2 0 3 2 0 4 0 14 0 0 0 0 1 0 1 1 1 5 0 0 0 0 0 0 0 0 0 1 0 1 0 0 0 0 0 0 0 0 0 0 0 0 0 0 0 0 0 0 0 0 0 0 0 0 0 1 0 2 0 3 0 0 0 0 1 0 0 0 1 1 0 0 0 0 0 0 0 0 0 0 0 0 0 0 0 0 0 0 0 1 0 1 1 0 0 0 0 0 0 1 1 0 1 0 0 0 2 1 1 1 0 0 0 0 0 0 1 0 0 5 0 0 0 0 1 0 0 0 0 1 0 0 0 0 0 0 0 0 0 1 3 6 7 1 8 6 6 5 1 0 4 3 4 9 14 12 10 19 3 6 2 0 0 0 0 1 3 6 1 3 0 0 0 0 0 1 0 1 0 1 0 0 0 0 0 0 0 0 0 2 26 22 27 19 16 15 15 12 0 0 10 16 5 14 25 33 26 16 0 2 0 0 0 4 1 1 2 5 0 0 0 0 0 0 0 0 0 0 0 0 0 0 0 0 0 0 0 0 0 1 97 105 78 107 127 106 80 52 0 0 50 67 58 81 155 184 173 97 1 33 1 2 3 4 18 14 17 11 0 9 5 1 2 2 0 1 2 1 2 0 0 0 1 0 0 0 2 0 4 4 9 4 5 5 7 9 5 3 0 0 5 2 11 4 9 5 6 20 0 1 0 1 1 2 0 1 2 2 0 0 1 2 1 0 0 0 0 0 1 0 0 0 0 0 0 0 0 0 2 0 1 1 0 0 1 2 1 5 0 0 1 1 2 4 3 6 7 21 0 0 0 0 0 0 1 0 1 5 0 0 0 0 0 0 0 0 0 2 0 0 0 0 0 0 1 0 0 1 0 0 0 0 1 0 0 0 0 0 0 0 0 0 0 1 0 0 4 6 0 0 0 0 0 0 0 0 0 1 0 0 0 0 0 0 1 0 0 0 1 0 0 0 0 0 0 0 0 0 0 0 0 0 0 0 0 0 0 0 0 0 1 1 0 1 0 0 2 3 0 0 0 0 0 0 0 0 0 1 0 0 0 0 0 0 0 0 0 0 0 0 0 0 0 0 0 0 0 0 0 0 0 0 0 0 0 0 0 0 0 0 0 0 0 0 0 0 0 0 0 1 0 1 0 0 0 0 0 0 0 4 0 0 0 0 0 0 0 0 0 0 0 0 0 0 0 0 0 0 0 1 0 0 0 0 0 0 0 0 0 0 0 1 0 0 0 0 0 0 0 1 0 0 0 0 0 0 0 0 1 1 0 0 0 0 0 0 0 0 0 1 0 0 0 0 0 0 0 0 0 4 1 0 0 2 0 1 0 0 0 0 0 2 0 0 1 2 0 3 1 4 0 0 0 0 1 2 1 3 1 3 0 0 0 0 0 0 0 0 0 1 0 0 0 0 0 0 0 0 1 2 0 2 0 0 0 1 1 1 0 0 2 4 1 1 5 5 6 2 1 5 0 0 0 1 0 0 0 1 0 2 0 0 0 0 2 0 0 0 0 2 0 0 0 0 0 0 0 0 0 2 6 4 4 5 12 10 4 4 0 0 12 14 8 22 67 98 105 57 3 17 0 5 4 4 16 24 20 8 1 11 1 1 1 2 2 3 0 2 2 4 1 0 1 1 1 0 0 1 2 9 1 0 1 0 1 1 1 1 0 0 3 2 2 0 2 1 6 9 0 0 0 0 0 0 1 1 0 1 1 0 0 0 0 1 0 0 0 0 0 0 0 0 0 0 0 0 0 0 0 1 0 0 0 0 0 1 0 1 0 0 1 1 1 1 0 0 1 2 0 0 0 0 1 1 2 2 0 0 0 0 1 0 1 1 0 1 0 0 0 0 0 0 0 0 0 0 0 0 0 0 0 0 0 0 0 0 0 0 0 0 1 0 0 0 0 0 0 3 0 0 0 1 0 2 0 0 0 0 0 0 0 0 0 0 0 0 0 0 0 0 0 0 0 0 0 0 0 1 0 0 0 0 0 0 0 0 0 0 0 0 0 1 0 0 0 1 0 1 0 0 0 0 0 0 2 0 0 0 0 0 0 0 0 0 0 0 0 0 0 0 0 0 0 0 0 0 0 0 0 0 0 0 0 0 0 0 0 0 0 0 0 0 0 0 0 0 0 0 0 0 0 0 0 0 0 0 0 0 0 1 0 0 0 0 0 0 0 0 0 0 0 0 0 0 0 0 0 0 0 1 0 0 0 0 0 0 0 0 0 0 0 0 0 0 0 0 0 0 0 0 0 0 0 0 0 0 0 0 0 3 0 0 0 0 0 0 0 0 0 1 0 0 0 0 0 0 0 0 0 0 0 0 0 0 0 0 0 0 0 0 0 0 0 0 0 0 0 0 0 1 0 0 1 0 0 0 0 1 0 5 0 0 0 0 0 0 0 0 0 1 0 0 0 0 0 0 0 0 0 2 0 0 0 0 0 0 0 0 0 0 0 1 1 1 0 1 2 0 1 4 0 0 0 0 0 1 1 0 0 4 0 0 0 0 0 0 0 0 0 0 0 0 0 0 0 0 0 0 0 1 2 0 0 0 0 0 0 1 0 0 1 3 3 4 18 51 45 33 7 16 0 0 1 1 5 7 12 7 2 15 0 0 0 0 0 0 0 1 1 3 1 0 0 0 0 0 1 2 3 3 0 0 0 0 0 0 0 0 0 0 0 1 0 1 1 1 0 0 0 0 0 0 1 1 0 1 0 0 0 0 0 0 0 0 0 0 0 0 0 1 0 0 0 0 0 0 0 0 0 1 0 0 0 0 0 0 0 0 0 0 0 1 0 2 0 0 0 2 0 0 1 0 1 0 1 1 0 0 0 0 0 0 0 0 0 0 0 1 1 0 0 0 0 0 0 0 0 0 0 1 0 0 0 0 0 0 0 0 0 0 2 1 1 0 0 1 0 2 0 0 0 0 0 0 1 0 1 0 0 0 0 0 1 0 0 0 0 1 0 0 0 0 0 0 0 0 0 0 0 0 0 0 0 0 0 0 0 0 0 0 1 0 1 0 0 0 0 0 0 0 0 0 0 0 1 0 0 0 0 0 0 0 0 0 0 1 0 0 0 1 0 0 0 0 0 0 0 0 0 0 0 0 0 0 0 0 0 0 0 0 0 0 1 0 0 0 0 0 0 0 0 0 0 0 0 0 0 0 0 1 0 0 1 0 0 0 0 0 0 0 0 0 0 0 0 0 0 0 0 0 0 0 0 0 0 0 0 0 0 0 0 0 0 0 0 0 0 0 0 0 0 1 0 0 0 0 0 0 0 2 0 0 0 0 0 0 0 0 0 0 0 0 0 0 0 0 0 0 0 0 0 0 0 0 0 0 0 0 0 0 0 0 0 1 0 0 0 1 0 1 1 0 0 0 0 0 0 0 1 1 0 0 0 0 0 0 0 0 0 0 0 0 0 0 0 0 0 0 0 0 0 0 0 0 0 0 0 0 0 0 0 0 0 0 0 0 0 0 0 1 0 0 0 0 0 0 0 0 0 3 0 0 0 0 0 0 0 0 0 0 1 0 0 0 0 0 0 0 0 0 0 0 0 0 0 0 1 0 0 0 1 1 0 0 5 5 6 16 2 14 0 0 0 1 1 1 4 1 0 17 0 1 0 0 0 0 0 1 0 3 0 1 1 0 1 2 0 0 0 3 0 0 0 0 0 0 0 0 0 0 3 0 0 0 0 0 2 2 0 0 0 0 0 0 0 0 1 0 0 1 0 0 1 0 0 0 0 0 0 0 1 0 0 1 0 0 0 0 0 0 0 0 0 0 0 0 0 0 0 0 0 0 0 0 0 0 0 0 0 0 0 0 0 0 0 0 0 0 0 0 0 0 0 0 0 0 0 0 1 0 0 0 0 0 0 0 0 0 0 0 0 0 0 0 0 0 0 0 0 0 0 0 0 0 0 0 0 0 0 0 0 0 0 0 0 2 0 0 0 0 0 0 0 0 0 0 0 0 0 0 0 0 0 0 0 0 0 0 0 0 0 0 0 0 0 0 0 0 0 0 0 0 1 0 0 0 1 0 0 0 1 0 1 0 0 0 0 0 0 0 0 0 0 0 0 0 0 1 0 0 0 0 0 0 0 0 0 0 0 0 
# labels_transition
"A", "L", "\chi", "\beta", "C_1", "C_2", "v_1", "v_2", "\dot v_1", "\dot v_2", "\dot h_1(t)", "\dot h_2(t)", "\dot \psi_1(t)", "\dot \psi_2(t)", "hmd", "vmd", "\dot h_1(t+1)", "\dot h_2(t+1)", "\dot \psi_1(t+1)", "\dot \psi_2(t+1)" 
# G_transition
0 0 0 0 0 0 0 0 0 0 0 0 0 0 0 0 0 0 0 0 
0 0 0 0 0 0 0 0 0 0 0 0 0 0 0 0 0 0 0 0 
0 0 0 0 0 0 0 0 0 0 0 0 0 0 0 0 0 0 0 0 
0 0 0 0 0 0 0 0 0 0 0 0 0 0 0 0 0 0 0 0 
0 0 0 0 0 0 0 0 0 0 0 0 0 0 0 0 0 0 0 0 
0 0 0 0 0 0 0 0 0 0 0 0 0 0 0 0 0 0 0 0 
0 0 0 0 0 0 0 0 0 0 0 0 0 0 0 0 0 0 0 0 
0 0 0 0 0 0 0 0 0 0 0 0 0 0 0 0 0 0 0 0 
0 0 0 0 0 0 0 0 0 0 0 0 0 0 0 0 0 0 0 0 
0 0 0 0 0 0 0 0 0 0 0 0 0 0 0 0 0 0 0 0 
0 0 0 0 0 0 0 0 0 0 0 0 0 0 0 0 1 0 0 0 
0 0 0 0 0 0 0 0 0 0 0 0 0 0 0 0 0 1 0 0 
0 0 0 0 0 0 0 0 0 0 0 0 0 0 0 0 0 0 1 0 
0 0 0 0 0 0 0 0 0 0 0 0 0 0 0 0 0 0 0 1 
0 0 0 0 0 0 0 0 0 0 0 0 0 0 0 0 0 0 0 0 
0 0 0 0 0 0 0 0 0 0 0 0 0 0 0 0 0 0 0 0 
0 0 0 0 0 0 0 0 0 0 0 0 0 0 0 0 0 0 0 0 
0 0 0 0 0 0 0 0 0 0 0 0 0 0 0 0 0 0 0 0 
0 0 0 0 0 0 0 0 0 0 0 0 0 0 0 0 0 0 0 0 
0 0 0 0 0 0 0 0 0 0 0 0 0 0 0 0 0 0 0 0 
# r_transition
4 5 2 12 2 2 6 6 5 5 9 9 9 9 4 10 9 9 9 9 
# N_transition
5290 191 0 0 0 0 0 0 0 196 5576 302 0 0 0 0 0 0 0 259 40271 1324 0 0 0 0 0 0 0 730 148156 3104 0 0 0 0 0 0 0 2860 1615432 1993 0 0 0 0 0 0 0 2355 133095 765 0 0 0 0 0 0 0 598 29795 399 0 0 0 0 0 0 0 227 10280 222 0 0 0 0 0 0 0 119 4726 2457 74 0 0 0 0 0 0 0 124 6253 198 0 0 0 0 0 0 0 276 44634 824 0 0 0 0 0 0 0 1044 177106 2338 0 0 0 0 0 0 0 3419 1614238 1662 0 0 0 0 0 0 0 2501 102748 639 0 0 0 0 0 0 0 1010 27291 413 0 0 0 0 0 0 0 554 9580 313 0 0 0 0 0 0 0 325 8244 2964 150 0 0 0 0 0 0 0 101 11797 546 0 0 0 0 0 0 0 470 104111 3736 0 0 0 0 0 0 0 3518 317114 15107 6 0 0 0 0 0 0 14927 1087051 14603 1 0 0 0 0 0 1 15124 306712 3394 0 0 0 0 0 0 0 3628 92055 367 0 0 0 0 0 0 0 438 8374 74 0 0 0 0 0 0 0 105 1791 3670 188 0 0 0 0 0 0 0 156 14507 672 0 0 0 0 0 0 0 620 117878 4073 0 0 0 0 0 0 0 3868 319319 15519 3 0 0 0 0 0 0 15091 1040904 15249 0 0 0 0 0 0 2 15634 320958 3624 0 0 0 0 0 0 0 3873 97502 465 0 0 0 0 0 0 0 566 10531 122 0 0 0 0 0 0 0 174 3097 
# boundaries
* 
* 
* 
0 30 60 90 120 150 180 210 240 270 300 330 360 
* 
* 
50 100 200 300 400 500 600 
50 100 200 300 400 500 600 
-5 -2 -0.25 0.25 2 5 
-5 -2 -0.25 0.25 2 5 
-5000 -3000 -2000 -1000 -400 400 1000 2000 3000 5000 
-5000 -3000 -2000 -1000 -400 400 1000 2000 3000 5000 
-8 -6 -3.5 -1 -0.25 0.25 1 3.5 6 8 
-8 -6 -3.5 -1 -0.25 0.25 1 3.5 6 8 
0 0.0822896 0.5 1 3 
0 100 200 300 400 500 600 700 800 900 6000 
# resample_rates
0 0 0 0 0 0 0 0 0 0 0.0487687 0.050215 0.0779851 0.0805702 0 0 
