# labels_initial
"L", "\dot h" 
# G_initial
0 1 
0 0 
# r_initial
6 7 
# N_initial
1640670 1734229 1697311 1495512 1245273 343221 200 9066 397590 1156048 73096 3961 709 1275 9088 832733 815980 72581 2363 209 658 9650 585997 1062004 36325 2326 351 50 6049 101519 1270956 114989 1593 356 554 3453 43697 644864 513037 37517 2151 4195 6282 31680 133280 136311 26002 5471 
# labels_transition
"L", "\dot h(t)", "\dot h(t+1)" 
# G_transition
0 0 1 
0 0 1 
0 0 0 
# r_transition
6 7 7 
# N_transition
186 12 0 0 0 0 0 1260 14 0 0 0 0 0 650 6 0 0 0 0 0 41 3 0 0 0 0 0 482 25 0 0 0 0 0 3638 162 0 0 0 0 0 5 8713 348 0 0 0 0 15 8839 228 0 0 0 0 8 9424 218 0 0 0 0 9 5868 158 0 0 0 0 71 3143 183 0 0 0 0 558 4935 760 0 0 0 0 0 223 385997 11368 0 0 0 0 234 818962 13534 0 0 0 0 221 569028 16742 0 0 0 0 174 95251 6080 0 0 0 0 284 39016 4329 0 0 0 0 1185 26249 3995 0 0 0 0 0 11004 1141990 3053 0 0 0 0 13733 799314 2933 0 0 0 0 16315 1044134 1555 0 0 0 0 5969 1256888 8097 0 0 0 1 4512 614626 25677 0 0 0 0 4638 122093 6358 0 0 0 0 0 3165 69739 192 0 0 0 0 2947 69490 144 0 0 0 0 1586 34590 149 0 0 0 0 7754 107104 131 0 0 0 0 25466 483251 4311 0 0 0 0 6751 126725 2724 1 0 0 0 0 239 3698 24 0 0 0 0 140 2210 13 0 0 0 0 151 2156 19 0 0 0 0 128 1444 21 0 0 0 0 4231 33081 204 0 0 0 0 2726 22800 433 0 0 0 0 0 37 672 0 0 0 0 0 13 196 0 0 0 0 0 18 333 0 0 0 0 0 22 334 0 0 0 0 0 184 1963 0 0 0 0 0 414 5020 
# boundaries
* 
0 300 600 900 1200 1500 1800 2100 
# resample_rates
0 0.0556129 
